8613003433639
8613003433726
8613003433801
8613003433885
8613003434999
8613003436720
8613003442687
8613003444523
8613003450901
8613003451160
8613003451517
8613003452223
8613003453439
8613003454622
8613003454890
8613003456212
8613003456778
8613003463113
8613003465516
8613003469222
8613003469320
8613003479765
8613003490956
8613003492623
8613003493131
8613003493382
8613003495073
8613003497318
8613003500013
8613003500026
8613003501866
8613003502080
8613003502219
8613003504918
8613003505859
8613003506398
8613003511535
8613003511611
8613003513027
8613003514136
8613003515865
8613003516596
8613003517720
8613003518013
8613003518809
8613003521360
8613003522715
8613003523623
8613003524557
8613003525153
8613003525173
8613003525860
8613003525890
8613003526563
8613003526668
8613003527203
8613003527317
8613003529600
8613003529831
8613003530008
8613003531722
8613003532899
8613003535823
8613003538800
8613003539861
8613003539903
8613003544619
8613003546866
8613003547070
8613003548848
8613003550136
8613003551942
8613003557230
8613003558903
8613003560095
8613003566383
8613003569288
8613003575922
8613003579562
8613003580101
8613003580108
8613003583800
8613003588698
8613003589169
8613003589296
8613003590667
8613003591298
8613003591572
8613003591755
8613003593515
8613003593590
8613003596205
8613003599216
8613004305903
8613004306411
8613004307687
8613004309477
8613004309956
8613004315763
8613004315867
8613004316095
8613004316500
8613004321687
8613004323098
8613004324555
8613004326895
8613004327559
8613004329177
8613004329199
8613004330098
8613004330978
8613004335853
8613004337333
8613004349596
8613004353982
8613004355976
8613004356096
8613004356887
8613004362871
8613004363980
8613004364009
8613004367999
8613004368711
8613004372009
8613004390032
8613004390112
8613004390398
8613004390909
8613004393219
8613004398820
8613004400310
8613004409966
8613004410446
8613004417079
8613004418988
8613004421727
8613004422566
8613004432323
8613004433334
8613004433588
8613004440322
8613004446192
8613004446596
8613004446650
8613004446727
8613004447390
8613004449307
8613004449702
8613004452631
8613004454381
8613004454822
8613004455662
8613004458915
8613004460131
8613004460537
8613004460600
8613004460763
8613004461170
8613004461197
8613004461293
8613004461436
8613004461503
8613004461710
8613004461727
8613004461732
8613004461790
8613004462026
8613004462107
8613004462207
8613004462286
8613004462555
8613004462663
8613004462692
8613004462695
8613004462710
8613004462813
8613004462876
8613004462910
8613004463050
8613004463052
8613004463072
8613004463103
8613004463106
8613004463110
8613004463118
8613004463160
8613004463172
8613004463195
8613004463237
8613004463291
8613004463398
8613004463503
8613004463755
8613004463783
8613004463811
8613004463831
8613004465559
8613004466777
8613004467805
8613004467820
8613004469777
8613004500672
8613004504253
8613004505522
8613004506066
8613004506420
8613004513659
8613004514780
8613004514858
8613004515255
8613004518982
8613004519940
8613004531618
8613004536092
8613004541609
8613004548359
8613004550339
8613004551113
8613004553125
8613004553936
8613004555593
8613004555808
8613004558137
8613004559998
8613004561017
8613004564468
8613004570825
8613004571929
8613004572072
8613004572218
8613004572660
8613004577885
8613004578658
8613004578910
8613004594287
8613004598989
8613004599173
8613004599927
8613013705506
8613013706825
8613013709088
8613013709831
8613013712778
8613013723198
8613013724777
8613013727279
8613013730056
8613013735255
8613013736911
8613013738956
8613013741810
8613013749288
8613013750127
8613013750823
8613013750975
8613013751007
8613013751129
8613013751488
8613013751558
8613013752688
8613013753500
8613013753553
8613013755520
8613013756936
8613013757321
8613013757676
8613013758081
8613013759466
8613013760006
8613013760050
8613013762173
8613013762333
8613013764561
8613013766197
8613013768388
8613013770205
8613013770466
8613013771121
8613013773085
8613013774433
8613013774896
8613013775401
8613013779991
8613013780213
8613013780270
8613013781305
8613013782868
8613013783899
8613013784130
8613013786257
8613013786939
8613013787898
8613013788749
8613013788955
8613013795678
8613013796465
8613013797046
8613013798889
8613013799474
8613013799990
8613013800526
8613013800700
8613013801380
8613013801653
8613013801905
8613013801966
8613013802010
8613013802971
8613013802977
8613013803000
8613013803275
8613013803290
8613013803646
8613013805169
8613013806855
8613013806887
8613013807929
8613013808088
8613013808571
8613013809725
8613013809991
8613013809995
8613013813511
8613013813963
8613013815102
8613013816223
8613013816439
8613013818102
8613013818808
8613013819078
8613013819556
8613013819915
8613013820313
8613013820515
8613013821988
8613013822610
8613013824236
8613013824250
8613013826054
8613013828069
8613013828178
8613013830752
8613013830976
8613013831023
8613013831067
8613013832801
8613013833483
8613013834694
8613013836188
8613013836575
8613013836798
8613013837233
8613013838158
8613013838880
8613013838886
8613013838907
8613013840172
8613013840187
8613013840677
8613013840992
8613013841060
8613013841149
8613013842726
8613013843587
8613013849741
8613013850878
8613013850977
8613013852262
8613013852688
8613013853213
8613013853513
8613013855000
8613013855617
8613013855669
8613013856015
8613013856556
8613013856585
8613013856588
8613013856591
8613013856597
8613013857286
8613013857327
8613013857512
8613013858270
8613013862221
8613013862225
8613013863878
8613013865277
8613013865303
8613013865326
8613013865556
8613013865557
8613013866291
8613013870803
8613013871678
8613013872034
8613013872339
8613013872805
8613013874199
8613013875215
8613013877118
8613013877997
8613013878055
8613013878385
8613013878529
8613013878651
8613013878656
8613013879083
8613013880066
8613013881559
8613013881650
8613013881781
8613013882336
8613013882597
8613013882705
8613013884287
8613013884328
8613013884806
8613013886193
8613013886268
8613013886724
8613013886767
8613013888443
8613013888753
8613013888886
8613013889828
8613013890777
8613013890781
8613013892325
8613013892669
8613013892777
8613013892997
8613013895165
8613013895255
8613013895818
8613013897559
8613013899129
8613013899255
8613013899630
8613013899660
8613013899839
8613013899958
8613013909683
8613013911518
8613013912672
8613013915807
8613013916173
8613013916962
8613013916985
8613013918870
8613013920232
8613013920795
8613013923715
8613013926977
8613013930228
8613013930503
8613013930613
8613013931009
8613013931362
8613013931723
8613013933759
8613013933838
8613013935636
8613013936661
8613013937331
8613013937975
8613013939279
8613013940299
8613013940899
8613013941388
8613013942685
8613013943507
8613013944689
8613013947202
8613013948613
8613013948713
8613013950573
8613013950636
8613013951141
8613013952010
8613013953332
8613013954129
8613013955222
8613013955695
8613013956468
8613013956635
8613013956935
8613013957971
8613013959110
8613013959925
8613013960565
8613013961083
8613013961176
8613013963913
8613013965127
8613013968927
8613013969120
8613013970219
8613013971122
8613013971136
8613013975758
8613013975766
8613013976446
8613013977260
8613013977723
8613013977922
8613013979637
8613013979878
8613013982479
8613013982719
8613013985952
8613013987160
8613013987399
8613013987801
8613013988793
8613013991109
8613013991597
8613013991987
8613013995595
8613013997370
8613013998830
8613016560043
8613016560063
8613016560170
8613016561752
8613016562868
8613016565099
8613016566261
8613016567522
8613016567819
8613016569587
8613016574477
8613016575336
8613016578487
8613016580369
8613016582456
8613016582500
8613016583536
8613016583879
8613016584610
8613016587871
8613016588466
8613016591386
8613016593336
8613016598882
8613016599108
8613016700397
8613016713378
8613016714807
8613016717087
8613016719205
8613016723412
8613016726940
8613016727789
8613016731149
8613016731273
8613016732629
8613016733333
8613016733745
8613016734207
8613016738449
8613016740737
8613016743088
8613016747926
8613016749303
8613016749969
8613016758337
8613016762220
8613016766213
8613016767626
8613016770896
8613016774395
8613016775510
8613016781817
8613016782930
8613016785126
8613016787780
8613016789031
8613016795802
8613016796177
8613016800770
8613016800896
8613016802226
8613016803939
8613016805528
8613016807377
8613016808339
8613016818969
8613016820152
8613016820600
8613016820755
8613016822789
8613016822975
8613016823108
8613016823533
8613016823898
8613016825556
8613016826025
8613016829530
8613016831912
8613016839333
8613016849196
8613016853953
8613016853955
8613016857208
8613016860011
8613016860408
8613016862211
8613016875062
8613016877826
8613016880020
8613016880265
8613016880512
8613016880703
8613016881587
8613016883366
8613016888220
8613016888701
8613016891683
8613016899969
8613016900881
8613016903280
8613016909119
8613016909339
8613016909558
8613016910789
8613016916803
8613016917891
8613016918861
8613016921391
8613023430038
8613023431555
8613023440076
8613023441918
8613023450716
8613023452228
8613023464031
8613023495768
8613023498565
8613023498725
8613023512606
8613023514332
8613023518555
8613023526283
8613023530119
8613023530270
8613023532936
8613023533637
8613023533989
8613023539101
8613023540001
8613023550569
8613023552403
8613023553058
8613023556365
8613023567503
8613023571893
8613023576582
8613023579533
8613023581735
8613023585907
8613023587116
8613023589238
8613023596061
8613023598176
8613023599828
8613024327039
8613024335995
8613024340085
8613024359979
8613024360588
8613024365962
8613024393109
8613024411972
8613024412609
8613024419556
8613024455135
8613024463610
8613024562635
8613032502228
8613032505000
8613032505279
8613032506689
8613032507177
8613032508300
8613032509399
8613032512978
8613032518100
8613032518577
8613032520222
8613032520887
8613032522010
8613032522768
8613032524364
8613032525000
8613032525637
8613032528092
8613032528251
8613032528821
8613032529252
8613032529576
8613032529717
8613032530277
8613032530283
8613032531130
8613032531204
8613032534050
8613032536080
8613032536588
8613032537707
8613032538978
8613032539787
8613032566990
8613032567789
8613032572626
8613032579191
8613032579301
8613032581303
8613033524923
8613033529089
8613033531515
8613033533577
8613033535423
8613033536285
8613033536959
8613033537792
8613033537887
8613033537902
8613033537962
8613033538662
8613033539771
8613033550186
8613033551258
8613033552365
8613033555381
8613033557802
8613033559944
8613033561903
8613033563766
8613033565199
8613033568028
8613033570607
8613033576892
8613033586681
8613033590762
8613033591330
8613033591446
8613033593187
8613033593485
8613033593930
8613033593935
8613033596972
8613033597095
8613033597252
8613033597353
8613033598036
8613033599428
8613040100999
8613040111964
8613040112899
8613040197939
8613040198058
8613040201448
8613040208096
8613040208886
8613040228188
8613040228333
8613040228767
8613040229708
8613040230805
8613040237710
8613040237888
8613041441210
8613041441706
8613041443887
8613041560028
8613041560032
8613041560077
8613041770021
8613041770222
8613041771000
8613041782696
8613041851918
8613041909563
8613041914999
8613041927107
8613041927870
8613041955999
8613041968996
8613041976678
8613041982939
8613041986958
8613041988053
8613041992272
8613046700736
8613046703826
8613046720177
8613046735968
8613046739770
8613046755768
8613046772350
8613046791655
8613046795777
8613046798777
8613046799715
8613047580216
8613047598705
8613047599990
8613047683820
8613047693067
8613047694392
8613048601112
8613048602588
8613048605463
8613048615161
8613048622282
8613048676066
8613048676667
8613048683069
8613048689888
8613048690280
8613048690397
8613048691827
8613048691956
8613048693386
8613048693530
8613048693592
8613048693958
8613048694358
8613048696586
8613048697003
8613048697267
8613048697280
8613048697308
8613048697488
8613048697657
8613048697810
8613048698571
8613048698897
8613048698967
8613048699576
8613048699611
8613048699750
8613048699798
8613052800001
8613052800099
8613052801012
8613052802601
8613052803125
8613052803796
8613052805044
8613052806971
8613052807801
8613052809069
8613052809603
8613052813269
8613052813301
8613052815375
8613052815807
8613052816029
8613052817603
8613052817830
8613052818731
8613052820201
8613052820701
8613052821220
8613052821601
8613052822006
8613052822226
8613052822436
8613052822542
8613052823222
8613052825202
8613052825711
8613052825944
8613052826023
8613052826975
8613052829139
8613052829920
8613052830194
8613052831873
8613052832317
8613052833311
8613052833996
8613052835562
8613052836566
8613052836688
8613052837589
8613052837681
8613052839037
8613052839383
8613052839999
8613052844576
8613052846846
8613052849689
8613052850012
8613052850115
8613052850995
8613052851762
8613052851766
8613052852612
8613052852939
8613052853757
8613052855786
8613052856109
8613052856376
8613052856513
8613052856599
8613052858686
8613052858983
8613052860380
8613052860631
8613052862444
8613052863385
8613052865303
8613052866512
8613052867570
8613052868510
8613052869241
8613052871552
8613052872112
8613052872529
8613052877725
8613052877772
8613052878229
8613052879454
8613052880085
8613052880996
8613052882457
8613052882848
8613052883207
8613052883270
8613052883536
8613052885152
8613052886317
8613052886632
8613052887525
8613052887537
8613052888208
8613052888712
8613052888825
8613052889452
8613052889526
8613052889922
8613052892809
8613052893057
8613052893259
8613052893483
8613052893511
8613052893858
8613052895219
8613052897177
8613052897583
8613052898636
8613052900008
8613052901112
8613052902555
8613052903195
8613052903400
8613052904388
8613052906081
8613052907711
8613052911101
8613052912600
8613052915299
8613052916522
8613052917588
8613052920711
8613052925418
8613052927351
8613052928208
8613052929231
8613052932202
8613052936666
8613052937157
8613052939107
8613052950009
8613052975796
8613052979788
8613052979805
8613052981122
8613052982136
8613052989428
8613052990656
8613052994678
8613052998885
8613052999099
8613056004773
8613056006738
8613056012303
8613056015181
8613056015707
8613056016617
8613056020267
8613056025556
8613056026679
8613056029171
8613056029255
8613056031666
8613056032450
8613056038777
8613056041530
8613056043117
8613056044393
8613056046229
8613056046698
8613056046873
8613056050887
8613056051363
8613056052575
8613056053179
8613056053712
8613056057869
8613056058910
8613056060530
8613056060777
8613056063359
8613056064307
8613056064709
8613056065033
8613056067152
8613056068176
8613056075910
8613056079158
8613056080167
8613056080631
8613056090985
8613056101891
8613056102675
8613056105330
8613056106660
8613056108777
8613056116755
8613056118856
8613056119959
8613056121278
8613056121416
8613056128058
8613056200527
8613056205186
8613056207977
8613056208359
8613056208730
8613056211678
8613056211879
8613056212542
8613056213145
8613056215658
8613056215727
8613056216008
8613056216013
8613056216707
8613056218005
8613056218025
8613056218151
8613056219262
8613056219511
8613056221277
8613056225667
8613056230523
8613056231124
8613056231158
8613056231518
8613056231819
8613056233731
8613056234843
8613056235576
8613056236118
8613056237702
8613056237801
8613056238183
8613056238755
8613056239701
8613056241925
8613056241929
8613056241931
8613056241951
8613056241957
8613056245720
8613056250983
8613056252320
8613056252349
8613056255005
8613056255296
8613056255355
8613056256111
8613056257111
8613056257795
8613056258735
8613056259006
8613056262351
8613056265008
8613056265855
8613056268989
8613056270567
8613056273762
8613056275591
8613056275701
8613056275729
8613056276701
8613056278317
8613056278899
8613056279876
8613056279923
8613056280228
8613056281280
8613056284688
8613056285188
8613056289252
8613056289806
8613056290279
8613056293228
8613056295267
8613056295335
8613056296537
8613056296819
8613056297000
8613056297367
8613056297390
8613056307666
8613056312125
8613056312655
8613056316156
8613056316336
8613056317998
8613056321307
8613056321988
8613056328720
8613056332468
8613056334455
8613056335558
8613056335833
8613056336090
8613056341956
8613056345780
8613056351089
8613056356148
8613056359428
8613056359718
8613056361519
8613056362152
8613056363008
8613056363662
8613056365575
8613056366411
8613056367619
8613056368883
8613056375906
8613056380199
8613056386299
8613056389908
8613056393193
8613056395819
8613057004776
8613057008770
8613057012300
8613057012535
8613057012579
8613057012592
8613057014032
8613057015817
8613057025557
8613057026939
8613057031007
8613057032646
8613057036868
8613057038528
8613057041113
8613057042620
8613057046240
8613057050800
8613057052546
8613057057073
8613057058337
8613057063187
8613057063397
8613057064687
8613057069705
8613057071050
8613057072298
8613057073289
8613057075320
8613057076467
8613057078895
8613057079729
8613057084277
8613057085336
8613057085997
8613057086079
8613057086376
8613057086382
8613057086775
8613057088799
8613057088868
8613057095007
8613057096570
8613057097355
8613057098889
8613057101415
8613057102718
8613057105888
8613057106860
8613057108616
8613057108886
8613057109285
8613057109330
8613057109595
8613057109899
8613057110111
8613057110125
8613057110603
8613057115118
8613057115643
8613057129991
8613057137171
8613057139677
8613057141776
8613057146133
8613057149661
8613057153588
8613057154994
8613057155388
8613057155815
8613057156662
8613057158484
8613057160352
8613057161990
8613057166671
8613057168838
8613057168867
8613057169919
8613057172158
8613057172190
8613057175182
8613057175369
8613057175963
8613057176168
8613057177701
8613057180198
8613057181003
8613057183315
8613057185316
8613057185928
8613057188198
8613057190089
8613057190235
8613057190588
8613057190796
8613057191117
8613057191292
8613057191900
8613057199320
8613057404946
8613057409269
8613057412720
8613057421067
8613057429104
8613057429137
8613057435123
8613057437256
8613057438585
8613057447020
8613057452276
8613057456354
8613057474588
8613057481395
8613057481662
8613057488533
8613062900341
8613062900797
8613062904189
8613062908589
8613062914489
8613062920330
8613062920978
8613062929912
8613062933700
8613062940886
8613062942460
8613062945588
8613062946818
8613062955559
8613062961376
8613062972291
8613062974612
8613062975679
8613062976453
8613062978727
8613062987558
8613062991633
8613062996859
8613062998825
8613062998998
8613062999148
8613062999886
8613063502066
8613063504510
8613063505222
8613063506693
8613063508016
8613063508381
8613063508703
8613063508840
8613063508990
8613063510999
8613063511048
8613063512633
8613063512800
8613063515391
8613063517237
8613063521033
8613063521217
8613063522225
8613063523653
8613063527135
8613063527291
8613063528837
8613063531986
8613063532025
8613063532439
8613063533377
8613063533877
8613063536090
8613063536626
8613063538467
8613063539980
8613063546967
8613063553431
8613063556020
8613063565811
8613063568700
8613063578536
8613063579151
8613063579565
8613063581652
8613063585349
8613063591919
8613063595888
8613063700169
8613063702001
8613063702007
8613063702268
8613063703207
8613063703712
8613063705306
8613063706203
8613063706257
8613063709220
8613063710899
8613063711301
8613063712990
8613063713101
8613063713898
8613063714162
8613063717079
8613063717270
8613063718355
8613063718967
8613063719990
8613063720106
8613063721931
8613063722675
8613063725073
8613063726083
8613063727370
8613063727819
8613063729607
8613063730139
8613063730655
8613063730686
8613063730908
8613063731071
8613063731753
8613063732067
8613063732319
8613063732833
8613063733956
8613063734400
8613063735013
8613063735121
8613063738628
8613063738858
8613063738868
8613063738898
8613063739805
8613063741595
8613063745302
8613063750166
8613063750211
8613063750878
8613063751863
8613063752567
8613063752729
8613063753212
8613063755778
8613063756660
8613063756996
8613063757020
8613063757219
8613063757537
8613063757775
8613063758512
8613063760010
8613063760546
8613063760966
8613063761729
8613063764390
8613063766066
8613063766850
8613063769186
8613063769980
8613063771177
8613063771709
8613063772726
8613063773733
8613063773888
8613063773916
8613063775525
8613063776666
8613063778566
8613063778860
8613063779107
8613063782052
8613063787892
8613063788523
8613063788526
8613063788720
8613063788892
8613063789836
8613063790615
8613063791953
8613063794228
8613063795678
8613063797069
8613063797808
8613063800200
8613063800649
8613063801638
8613063801930
8613063802195
8613063802849
8613063805258
8613063805713
8613063806897
8613063807093
8613063807264
8613063807619
8613063808093
8613063808109
8613063808675
8613063809207
8613063809216
8613063809762
8613063810911
8613063811145
8613063811271
8613063812011
8613063813191
8613063815358
8613063817326
8613063818168
8613063818688
8613063820192
8613063822033
8613063822818
8613063822922
8613063825275
8613063825709
8613063825828
8613063826949
8613063827101
8613063828282
8613063831818
8613063831867
8613063833063
8613063833335
8613063833730
8613063834478
8613063835568
8613063836668
8613063836875
8613063836946
8613063839081
8613063846696
8613063850821
8613063850870
8613063851171
8613063851685
8613063855302
8613063855589
8613063855629
8613063856208
8613063856260
8613063856576
8613063858666
8613063861210
8613063864008
8613063865719
8613063866369
8613063866678
8613063866772
8613063867188
8613063868776
8613063868866
8613063870152
8613063870700
8613063871076
8613063871636
8613063873020
8613063873225
8613063873832
8613063875878
8613063876602
8613063877377
8613063878973
8613063879299
8613063880002
8613063881118
8613063881399
8613063882001
8613063883999
8613063886332
8613063886987
8613063887523
8613063887675
8613063887786
8613063888516
8613063888892
8613063889050
8613063889863
8613063892693
8613063897353
8613063897971
8613063899998
8613063900655
8613063905197
8613063906028
8613063906399
8613063913387
8613063915605
8613063915655
8613063915665
8613063917353
8613063918118
8613063918788
8613063919928
8613063921166
8613063921282
8613063922191
8613063926133
8613063926537
8613063927880
8613063930182
8613063931065
8613063931257
8613063932601
8613063933333
8613063935355
8613063936800
8613063936882
8613063937970
8613063938396
8613063943811
8613063945555
8613063952110
8613063952894
8613063956901
8613063961061
8613063965826
8613063966619
8613063968070
8613063968102
8613063968260
8613063968580
8613063968932
8613063970550
8613063972702
8613063972809
8613063975572
8613063975899
8613063976787
8613063978031
8613063982888
8613063985130
8613063986572
8613063988727
8613063993239
8613063995001
8613063995277
8613063997123
8613063997219
8613063997866
8613063998339
8613063999072
8613064802981
8613064807057
8613064813391
8613064816038
8613064822951
8613064825110
8613064826444
8613064829900
8613064882266
8613064883600
8613064884442
8613064885998
8613064886807
8613064902593
8613064905245
8613064911049
8613064918409
8613064918488
8613064920692
8613064921117
8613064922599
8613064924395
8613064925285
8613064927875
8613064929250
8613064946111
8613064958803
8613064961234
8613064971508
8613064971989
8613064972063
8613064986855
8613064989888
8613064992192
8613064993344
8613064997127
8613064997556
8613064998661
8613064999288
8613064999932
8613073200158
8613073200595
8613073203230
8613073210169
8613073210948
8613073212550
8613073212829
8613073215424
8613073215598
8613073216616
8613073217598
8613073229940
8613073232911
8613073234496
8613073239565
8613073239861
8613073241880
8613073248888
8613073256517
8613073257177
8613073259790
8613073260629
8613073263118
8613073265020
8613073265671
8613073268828
8613073268925
8613073270961
8613073272055
8613073277169
8613073280021
8613073280901
8613073282007
8613073290110
8613073292055
8613073296580
8613073297366
8613073297551
8613073299670
8613073300107
8613073300724
8613073301206
8613073301236
8613073302079
8613073303330
8613073303632
8613073303907
8613073304059
8613073304190
8613073305168
8613073305828
8613073306015
8613073306333
8613073307719
8613073308036
8613073308818
8613073309297
8613073309779
8613073311081
8613073311337
8613073311850
8613073313000
8613073313375
8613073313694
8613073314565
8613073315199
8613073315221
8613073315309
8613073315590
8613073315945
8613073317062
8613073318021
8613073318623
8613073318719
8613073319057
8613073319219
8613073320365
8613073320809
8613073320893
8613073321203
8613073323317
8613073323369
8613073323826
8613073325012
8613073326660
8613073326889
8613073327902
8613073328299
8613073328586
8613073330011
8613073330741
8613073332467
8613073332787
8613073333921
8613073336747
8613073337259
8613073341369
8613073346888
8613073348776
8613073349183
8613073350473
8613073355550
8613073355691
8613073356739
8613073357155
8613073358008
8613073359996
8613073360231
8613073360872
8613073360999
8613073361112
8613073361186
8613073362156
8613073362633
8613073363363
8613073363629
8613073365539
8613073366009
8613073366858
8613073368588
8613073370235
8613073371209
8613073372586
8613073373092
8613073375102
8613073375998
8613073376539
8613073377121
8613073377552
8613073377637
8613073377996
8613073380386
8613073380689
8613073380803
8613073381222
8613073383434
8613073383597
8613073385889
8613073385937
8613073386502
8613073386571
8613073386667
8613073387333
8613073389111
8613073389112
8613073389168
8613073391533
8613073391719
8613073391825
8613073392536
8613073392937
8613073393351
8613073395036
8613073395360
8613073396956
8613073397085
8613073397324
8613073397473
8613073397995
8613073399900
8613073399959
8613082505513
8613082505916
8613082506333
8613082506440
8613082507217
8613082507532
8613082510589
8613082513766
8613082516966
8613082518319
8613082518325
8613082518532
8613082520441
8613082520608
8613082521019
8613082522020
8613082522558
8613082522607
8613082523033
8613082523177
8613082523391
8613082524720
8613082525327
8613082528252
8613082532005
8613082533782
8613082534631
8613082535029
8613082539666
8613082539910
8613082564168
8613082565598
8613082566761
8613082568116
8613082568899
8613082580267
8613082580441
8613082588799
8613082588811
8613082588981
8613083520129
8613083521861
8613083523989
8613083525109
8613083525168
8613083526663
8613083530361
8613083533288
8613083536190
8613083537376
8613083539166
8613083539829
8613083545987
8613083552267
8613083553833
8613083555511
8613083555601
8613083556611
8613083556697
8613083556928
8613083560360
8613083561678
8613083565007
8613083566772
8613083568392
8613083570955
8613083571857
8613083573530
8613083578626
8613083586420
8613083588422
8613083593977
8613083596298
8613083598905
8613092006892
8613092008302
8613092015168
8613092018899
8613092023478
8613092023503
8613092025592
8613092030077
8613092031178
8613092033628
8613092035577
8613092036389
8613092039558
8613092039986
8613092041234
8613092042958
8613092051868
8613092055192
8613092055618
8613092059997
8613092061330
8613092064031
8613092066841
8613092072182
8613092077651
8613092082349
8613092086636
8613092089969
8613092090693
8613092092836
8613092094444
8613092095067
8613092096857
8613092098080
8613092099797
8613092203392
8613092204021
8613092205859
8613092206073
8613092206833
8613092210107
8613092218678
8613092220386
8613092220982
8613092223916
8613092231966
8613092233232
8613092233599
8613092235678
8613092242910
8613092253333
8613092261116
8613092262952
8613092268772
8613092268886
8613092271381
8613092272173
8613092276448
8613092281999
8613092285696
8613092286176
8613092286938
8613092292001
8613092295390
8613092296919
8613092296998
8613092298868
8613092299336
8613092300501
8613092301226
8613092302211
8613092304232
8613092304970
8613092305282
8613092305441
8613092306599
8613092307744
8613092309399
8613092310618
8613092317016
8613092321190
8613092321360
8613092323758
8613092323891
8613092326965
8613092328793
8613092328871
8613092329888
8613092330162
8613092330760
8613092331000
8613092336876
8613092337828
8613092338932
8613092339337
8613092339669
8613092339692
8613092339867
8613092340910
8613092343360
8613092343639
8613092343769
8613092345066
8613092345222
8613092350369
8613092355585
8613092355749
8613092356563
8613092356595
8613092356988
8613092358062
8613092358253
8613092358351
8613092358530
8613092359170
8613092362513
8613092363779
8613092366000
8613092366154
8613092366789
8613092367352
8613092370220
8613092376697
8613092428000
8613092428756
8613092435622
8613092436395
8613092444676
8613092444868
8613092448887
8613092449909
8613092474408
8613092476509
8613092477360
8613092480992
8613092501630
8613092502838
8613092503928
8613092509755
8613092509859
8613092511358
8613092516668
8613092521353
8613092522558
8613092530909
8613092557852
8613092559535
8613092559973
8613092560117
8613092568787
8613092571677
8613092577501
8613092578370
8613092581376
8613092587971
8613092589230
8613092592365
8613092593615
8613092593929
8613092594988
8613092595797
8613092599520
8613092600800
8613092602110
8613092602337
8613092603219
8613092604647
8613092605315
8613092606691
8613092608295
8613092609696
8613092610186
8613092610868
8613092611133
8613092611157
8613092611992
8613092612363
8613092613524
8613092615307
8613092616282
8613092616513
8613092617709
8613092617728
8613092618292
8613092618333
8613092618686
8613092620206
8613092627963
8613092630225
8613092632012
8613092632759
8613092633392
8613092633465
8613092635111
8613092640991
8613092642809
8613092643476
8613092644198
8613092644690
8613092645999
8613092648671
8613092649087
8613092652360
8613092652535
8613092652872
8613092653154
8613092656810
8613092657089
8613092658288
8613092659667
8613092660530
8613092661081
8613092661555
8613092663085
8613092665083
8613092665585
8613092665709
8613092665766
8613092667521
8613092668124
8613092668200
8613092668536
8613092670031
8613092671553
8613092672776
8613092676010
8613092676256
8613092677268
8613092677733
8613092683198
8613092686030
8613092687350
8613092690939
8613092691081
8613092698851
8613092699387
8613093150223
8613093151299
8613093151381
8613093151386
8613093151529
8613093151577
8613093152112
8613093152880
8613093156183
8613093158105
8613093158731
8613093158751
8613093159800
8613093166668
8613093168165
8613093170266
8613093170550
8613093170785
8613093170888
8613093175758
8613093177778
8613093179316
8613093179990
8613093180008
8613093180088
8613093182112
8613093182122
8613093186860
8613093187877
8613093187995
8613093188158
8613093188658
8613093189968
8613093192738
8613093199118
8613093199998
8613094900310
8613094901668
8613094906777
8613094907523
8613094912121
8613094912371
8613094912388
8613094916115
8613094922031
8613094926511
8613094927857
8613094928777
8613094928888
8613094937578
8613094939886
8613094940582
8613094944618
8613094951581
8613094954088
8613094955480
8613094956588
8613094957886
8613094966359
8613094966711
8613094973554
8613094980278
8613094984466
8613094989005
8613094991443
8613094997116
8613101806449
8613101807917
8613101809569
8613101811234
8613101818168
8613101819717
8613101820100
8613101821557
8613101821831
8613101824030
8613101826176
8613101835200
8613101835531
8613101838101
8613101839186
8613101839876
8613101850528
8613101853215
8613101855185
8613101855722
8613101859777
8613101861925
8613101862595
8613101867087
8613101869132
8613101874916
8613101876915
8613101877618
8613101877778
8613101900005
8613101903085
8613101903923
8613101904807
8613101905667
8613101910732
8613101912397
8613101914625
8613101919299
8613101926796
8613101927214
8613101931552
8613101933195
8613101933927
8613101939899
8613101941660
8613101955022
8613101980256
8613101980758
8613101981485
8613101986932
8613101988234
8613101988332
8613101990212
8613101993640
8613101993929
8613101996222
8613101996505
8613101997382
8613115101021
8613115101395
8613115103557
8613115105157
8613115106325
8613115108553
8613115108661
8613115110003
8613115110006
8613115110588
8613115110818
8613115111010
8613115111987
8613115112188
8613115112622
8613115115873
8613115116356
8613115116861
8613115117806
8613115118353
8613115118555
8613115118842
8613115120112
8613115126140
8613115126701
8613115127275
8613115130513
8613115131598
8613115135282
8613115136867
8613115138131
8613115145272
8613115170003
8613115171792
8613115172618
8613115172929
8613115173283
8613115175378
8613115185518
8613115186202
8613115186969
8613115188508
8613115189176
8613115199577
8613115200280
8613115201508
8613115202300
8613115202629
8613115202897
8613115203019
8613115203869
8613115205821
8613115205939
8613115206371
8613115210312
8613115212373
8613115212382
8613115215018
8613115216163
8613115216899
8613115219890
8613115220380
8613115221297
8613115221384
8613115222555
8613115223387
8613115224000
8613115226035
8613115227050
8613115227752
8613115228795
8613115228836
8613115232020
8613115234137
8613115234412
8613115237731
8613115239311
8613115240231
8613115255007
8613115255822
8613115275773
8613115276186
8613115276191
8613115277391
8613115282589
8613115285591
8613115285715
8613115285838
8613115287155
8613115299030
8613140803021
8613140845536
8613140845819
8613140846737
8613140871528
8613140872648
8613140874208
8613140874468
8613140887255
8613140887557
8613140957991
8613141503173
8613141503196
8613141506855
8613141511858
8613141512531
8613141515002
8613141516715
8613141516733
8613141516770
8613141520379
8613141522873
8613141525269
8613141525550
8613141525993
8613141526720
8613141531862
8613141533350
8613141561589
8613141563239
8613141565282
8613141568557
8613141577744
8613141578857
8613141579421
8613141580398
8613141582808
8613141587221
8613141589809
8613141726207
8613141729188
8613141810903
8613141812659
8613141813073
8613141813129
8613141813501
8613141813526
8613141813661
8613141815209
8613141816010
8613141848030
8613141861898
8613142585695
8613142596111
8613142596268
8613142659751
8613142661285
8613142667596
8613142669966
8613142680356
8613142684656
8613142850523
8613142851599
8613142882218
8613142889997
8613142895288
8613142900002
8613142902155
8613142903555
8613142906498
8613142910525
8613142910896
8613142960652
8613142989791
8613142992552
8613142993306
8613142994089
8613142995718
8613142999023
8613142999282
8613142999520
8613145100710
8613145100986
8613145101216
8613145101963
8613145102561
8613145102757
8613145201950
8613145206098
8613145210336
8613145210582
8613145211197
8613145211463
8613145212339
8613145213218
8613145213659
8613145214616
8613145214789
8613145215189
8613145215850
8613145216994
8613145217602
8613145218250
8613145218420
8613145218433
8613145218499
8613145222234
8613145222891
8613145226822
8613151102111
8613151102112
8613151103651
8613151106002
8613151107222
8613151108092
8613151111163
8613151112666
8613151113122
8613151117711
8613151119631
8613151120585
8613151123168
8613151134889
8613151135176
8613151141758
8613151142223
8613151150310
8613151150879
8613151151514
8613151153155
8613151153169
8613151153707
8613151153775
8613151155118
8613151155869
8613151155885
8613151156670
8613151157117
8613151157246
8613151157736
8613151157777
8613151157997
8613151158008
8613151158009
8613151158452
8613151158892
8613151159663
8613151159908
8613151160100
8613151162597
8613151164227
8613151165002
8613151167079
8613151168523
8613151170111
8613151171266
8613151171373
8613151171949
8613151172328
8613151172783
8613151172815
8613151173170
8613151173927
8613151175207
8613151176396
8613151177341
8613151178509
8613151178719
8613151178929
8613151179976
8613151179992
8613151180018
8613151180072
8613151180098
8613151180616
8613151180800
8613151180924
8613151181316
8613151181622
8613151183008
8613151183126
8613151183492
8613151185913
8613151186163
8613151188001
8613151188695
8613151188884
8613151188915
8613151189189
8613151189343
8613151190559
8613151191283
8613151191999
8613151192966
8613151193311
8613151194268
8613151195789
8613151196595
8613151197515
8613151199199
8613151200128
8613151200300
8613151200566
8613151201862
8613151201866
8613151206655
8613151207376
8613151207874
8613151212111
8613151213882
8613151213909
8613151213920
8613151215658
8613151216399
8613151219759
8613151221005
8613151221108
8613151221159
8613151221256
8613151221506
8613151221555
8613151222773
8613151223456
8613151225005
8613151226898
8613151227279
8613151228223
8613151228509
8613151228998
8613151229527
8613151229713
8613151229916
8613151230819
8613151232816
8613151233252
8613151235571
8613151236888
8613151237276
8613151238070
8613151244444
8613151250527
8613151250696
8613151250726
8613151251027
8613151251032
8613151251330
8613151253152
8613151255168
8613151255802
8613151258978
8613151259291
8613151260692
8613151261890
8613151263715
8613151265002
8613151265268
8613151268389
8613151276617
8613151277006
8613151278793
8613151279082
8613151279612
8613151281316
8613151281618
8613151282393
8613151282570
8613151283287
8613151285818
8613151288715
8613151289666
8613151291538
8613151295958
8613151296516
8613151296867
8613151297396
8613151298668
8613151301386
8613151303222
8613151308127
8613151315613
8613151326752
8613151327532
8613151329635
8613151336661
8613151339166
8613151343000
8613151347937
8613151370617
8613151371662
8613151372217
8613151384088
8613151389479
8613151390118
8613151392661
8613151393133
8613151399636
8613151439848
8613151461033
8613151466020
8613151466855
8613151470731
8613151470832
8613151470982
8613151471694
8613151471906
8613151472102
8613151472317
8613151473773
8613151476321
8613151479849
8613151482301
8613151482963
8613151505020
8613151506787
8613151508105
8613151511323
8613151511996
8613151515252
8613151516967
8613151611298
8613151611999
8613151615706
8613151621617
8613151622242
8613151622811
8613151622820
8613151622888
8613151626113
8613151626873
8613151627201
8613151628386
8613151628587
8613151629406
8613151630291
8613151630362
8613151631277
8613151633116
8613151633288
8613151633436
8613151637776
8613151637937
8613151638444
8613151638588
8613151639367
8613151651101
8613151652970
8613151653076
8613151653099
8613151655550
8613151656685
8613151656885
8613151656967
8613151657332
8613151657887
8613151658858
8613151659220
8613151661069
8613151661858
8613151661866
8613151665326
8613151665730
8613151667798
8613151670501
8613151673609
8613151676677
8613151683627
8613151685169
8613151686210
8613151686668
8613151686985
8613151688882
8613151690125
8613151691090
8613151691901
8613151697297
8613151697888
8613151699666
8613151706520
8613151706699
8613151709717
8613151711751
8613151716981
8613151717833
8613151722726
8613151723960
8613151725312
8613151728675
8613151736818
8613151738170
8613151742869
8613151745189
8613151757362
8613151757777
8613151757837
8613151764212
8613151764353
8613151770677
8613151771532
8613151777377
8613151777797
8613151778077
8613151780056
8613151780231
8613151781307
8613151781681
8613151781953
8613151781955
8613151785999
8613151786886
8613151786896
8613151788002
8613151789896
8613151790790
8613151791109
8613151792881
8613151792991
8613151797667
8613151797697
8613151799001
8613151801771
8613151802560
8613151806120
8613151809605
8613151812607
8613151812677
8613151815515
8613151815710
8613151818026
8613151819214
8613151820348
8613151820958
8613151824371
8613151828249
8613151836625
8613151843001
8613151849606
8613151849950
8613151850277
8613151852915
8613151853669
8613151857901
8613151860709
8613151863658
8613151865086
8613151869445
8613151870286
8613151872185
8613151875511
8613151876261
8613151877315
8613151879817
8613151882767
8613151883322
8613151884221
8613151885659
8613151894777
8613151898376
8613151980198
8613151984144
8613151985044
8613151985573
8613151986193
8613151986305
8613151986598
8613151991758
8613151992862
8613151993000
8613151993120
8613151995140
8613151995510
8613151996321
8613160007911
8613160012056
8613160017680
8613160100513
8613160101201
8613160116953
8613160117665
8613160117953
8613160118003
8613160118112
8613160119101
8613160119176
8613160119257
8613160153521
8613160158300
8613160158861
8613160160312
8613160160996
8613160161087
8613160161292
8613160169619
8613160209387
8613160209603
8613160211715
8613160215810
8613160216205
8613160227001
8613160239096
8613160250580
8613160251090
8613160256976
8613160262001
8613160265988
8613160266559
8613160266891
8613160280163
8613160286028
8613160290228
8613160290539
8613160292765
8613160294909
8613160300017
8613160302866
8613160307663
8613160307926
8613160322553
8613160331522
8613160332528
8613160336095
8613160340872
8613160344391
8613160348568
8613160352546
8613160367108
8613160370286
8613160376860
8613160381338
8613160387915
8613160389055
8613160390078
8613160401271
8613160420363
8613160430282
8613160487156
8613160488280
8613160488520
8613160493066
8613167499650
8613167499789
8613174000239
8613174002535
8613174007897
8613174010936
8613174015906
8613174018420
8613174018855
8613174105930
8613174106068
8613174140556
8613174157757
8613174181598
8613174193388
8613174193621
8613174197764
8613179300168
8613179300666
8613179307660
8613179310702
8613179312805
8613179313387
8613179316973
8613179317553
8613179319999
8613179364879
8613179368585
8613179380198
8613179383267
8613179383555
8613179385578
8613179386096
8613179386997
8613179393217
8613179395028
8613179395053
8613179395909
8613179395997
8613179396150
8613179402223
8613179409047
8613179409748
8613179423777
8613179450666
8613179451177
8613179458806
8613179467597
8613179480532
8613179483686
8613179491009
8613179491218
8613179499255
8613179509523
8613179512024
8613179512131
8613179513840
8613179518091
8613179522299
8613179522808
8613179523663
8613179524388
8613179526290
8613179526586
8613179526588
8613179530161
8613179530518
8613179532637
8613179557558
8613179558185
8613179558802
8613179558889
8613179563162
8613179572120
8613179572993
8613179573061
8613179579585
8613179579777
8613179582231
8613179588919
8613179589508
8613179590573
8613179592929
8613179597790
8613179600122
8613179600571
8613179608008
8613179608258
8613179609249
8613179609295
8613179609886
8613179611135
8613179613836
8613179616505
8613179617621
8613179618371
8613179619323
8613179619515
8613179619903
8613179620176
8613179620962
8613179621807
8613179621986
8613179622080
8613179623200
8613179623621
8613179626300
8613179627363
8613179627613
8613179628088
8613179628683
8613179630503
8613179631588
8613179634596
8613179635430
8613179636302
8613179638060
8613179638688
8613179642220
8613179647934
8613179648981
8613179700231
8613179701102
8613179701115
8613179704720
8613179705262
8613179705606
8613179707276
8613179709615
8613179711266
8613179712280
8613179715675
8613179716187
8613179716189
8613179716809
8613179716831
8613179717999
8613179718377
8613179718597
8613179718827
8613179718878
8613179723223
8613179723383
8613179725111
8613179727126
8613179727567
8613179727761
8613179728085
8613179728127
8613179728784
8613179728955
8613179729688
8613179730051
8613179731053
8613179731110
8613179731567
8613179733168
8613179734937
8613179737642
8613179738030
8613179750910
8613179751141
8613179751616
8613179751888
8613179752088
8613179752858
8613179753913
8613179756288
8613179759099
8613179762221
8613179772050
8613179773039
8613179773371
8613179773777
8613179776518
8613179777106
8613179781800
8613179783732
8613179784999
8613179786033
8613179788818
8613179789388
8613179794019
8613179796213
8613179797353
8613179797782
8613182005551
8613182005763
8613182007333
8613182010172
8613182012390
8613182016668
8613182022992
8613182032111
8613182033392
8613182036777
8613182036866
8613182040206
8613182045683
8613182046590
8613182047728
8613182049898
8613182050236
8613182212298
8613182226360
8613182230920
8613182231753
8613182237828
8613182238486
8613182241271
8613182241627
8613182241652
8613182241663
8613182242963
8613182243097
8613182243273
8613182243280
8613182246670
8613182251908
8613182272958
8613182285699
8613182289022
8613182289033
8613182289511
8613182289800
8613182293202
8613182297729
8613182298113
8613182300587
8613182300807
8613182301018
8613182302081
8613182302655
8613182302839
8613182306723
8613182309206
8613182310353
8613182310414
8613182311004
8613182313336
8613182313831
8613182321117
8613182323695
8613182328637
8613182328877
8613182333181
8613182349883
8613182351727
8613182354321
8613182354333
8613182354668
8613182354847
8613182356187
8613182359919
8613182361250
8613182365816
8613182366012
8613182367261
8613182368830
8613182369188
8613182369528
8613182371132
8613182371234
8613182371359
8613182371730
8613182373853
8613182375055
8613182375070
8613182375251
8613182376266
8613182376590
8613182380111
8613182383888
8613182384575
8613182385340
8613182385513
8613182386668
8613182388878
8613182388886
8613182389003
8613182389080
8613182391055
8613182391812
8613182394687
8613182396292
8613182399687
8613182430508
8613182430881
8613182435397
8613182439090
8613182441303
8613182452171
8613182460631
8613182462666
8613182464675
8613182470319
8613182478782
8613182483358
8613182490636
8613182492336
8613182492685
8613182493363
8613182499220
8613182500521
8613182500783
8613182502806
8613182503799
8613182506267
8613182508088
8613182508686
8613182510996
8613182516005
8613182517579
8613182517937
8613182517971
8613182519071
8613182519075
8613182519193
8613182519271
8613182519955
8613182521395
8613182521910
8613182522202
8613182523078
8613182523127
8613182525726
8613182529496
8613182531012
8613182535080
8613182536927
8613182537017
8613182537021
8613182537093
8613182537309
8613182537329
8613182537361
8613182537367
8613182537392
8613182537515
8613182537587
8613182537731
8613182537892
8613182537902
8613182537906
8613182537930
8613182538013
8613182538017
8613182538032
8613182538070
8613182539060
8613182539201
8613182550891
8613182552612
8613182553113
8613182555112
8613182555117
8613182555886
8613182556596
8613182557027
8613182557113
8613182558191
8613182558595
8613182559870
8613182559871
8613182560192
8613182560521
8613182561853
8613182562788
8613182563088
8613182563350
8613182565788
8613182567188
8613182567379
8613182567776
8613182567898
8613182569080
8613182569627
8613182571380
8613182571818
8613182575863
8613182575917
8613182580619
8613182580787
8613182581893
8613182581981
8613182582230
8613182583127
8613182585855
8613182586117
8613182586556
8613182587602
8613182588330
8613182590075
8613182590371
8613182590876
8613182590990
8613182593095
8613182593270
8613182593272
8613182593285
8613182593323
8613182593527
8613182593603
8613182593786
8613182599202
8613182599629
8613182599959
8613182600622
8613182601188
8613182602539
8613182603221
8613182603920
8613182604495
8613182605551
8613182606103
8613182606663
8613182607055
8613182607509
8613182607598
8613182607933
8613182609992
8613182610327
8613182610775
8613182611254
8613182611282
8613182611315
8613182611319
8613182613713
8613182616265
8613182616754
8613182616999
8613182617252
8613182617799
8613182618017
8613182618111
8613182618820
8613182619063
8613182619229
8613182619259
8613182619617
8613182619619
8613182619936
8613182620076
8613182620703
8613182621353
8613182622099
8613182623105
8613182625363
8613182626390
8613182626835
8613182629522
8613182630981
8613182631225
8613182631267
8613182631601
8613182631818
8613182633371
8613182633829
8613182636630
8613182636672
8613182642258
8613182643739
8613182647656
8613182647880
8613182650275
8613182651005
8613182651153
8613182651915
8613182652245
8613182653925
8613182655228
8613182655599
8613182657871
8613182658682
8613182663339
8613182665558
8613182666078
8613182666985
8613182667949
8613182669700
8613182670056
8613182670165
8613182670250
8613182670780
8613182671869
8613182672353
8613182674818
8613182675190
8613182675386
8613182675789
8613182675809
8613182675909
8613182676231
8613182676518
8613182678678
8613182679023
8613182679070
8613182679554
8613182680200
8613182681040
8613182681112
8613182681993
8613182682008
8613182687008
8613182687836
8613182688158
8613182688168
8613182688258
8613182688298
8613182688328
8613182688866
8613182689008
8613182689197
8613182691087
8613182692160
8613182693226
8613182694881
8613182695986
8613182698256
8613182698269
8613182698982
8613182699057
8613182699227
8613182699821
8613186460121
8613186476669
8613186482878
8613186482988
8613186485072
8613186486382
8613186488380
8613186491487
8613186491586
8613186498388
8613186499849
8613186500013
8613186503372
8613186505857
8613186506623
8613186507221
8613186520972
8613186521062
8613186522223
8613186522877
8613186541918
8613186552728
8613186555569
8613186557782
8613186557889
8613186561789
8613186566071
8613186570315
8613186571637
8613186571819
8613186572999
8613186576530
8613186581590
8613186583040
8613186584236
8613186587578
8613186589529
8613186604156
8613186607654
8613186607688
8613186613987
8613186619959
8613186620558
8613186621169
8613186621237
8613186622286
8613186626867
8613186628678
8613186632108
8613186633066
8613186633688
8613186633893
8613186639128
8613186639299
8613186639961
8613186641383
8613186645070
8613186646798
8613186649151
8613186652008
8613186656083
8613186656555
8613186658609
8613186659168
8613186659900
8613186660562
8613186661102
8613186661217
8613186661993
8613186662900
8613186664633
8613186665320
8613186666076
8613186666675
8613186666729
8613186668798
8613186669962
8613186679868
8613186680678
8613186681163
8613186682239
8613186683858
8613186685758
8613186687699
8613186688021
8613186688688
8613186691990
8613186695320
8613186695367
8613196461992
8613196462007
8613196462629
8613196464321
8613196465119
8613196466866
8613196466887
8613196466909
8613196467055
8613196469690
8613196471155
8613196483736
8613196487777
8613196492796
8613196600188
8613196601950
8613196603789
8613196603986
8613196605568
8613196608373
8613196610342
8613196610557
8613196610681
8613196611022
8613196611669
8613196612516
8613196613603
8613196613861
8613196613970
8613196615333
8613196621763
8613196625097
8613196625373
8613196625386
8613196625620
8613196625903
8613196626069
8613196626096
8613196626365
8613196627529
8613196628188
8613196628886
8613196680891
8613196683175
8613196683558
8613196684438
8613196687555
8613196692521
8613196697519
8613196701612
8613196703522
8613196710010
8613196710011
8613196711112
8613196711194
8613196712154
8613196715449
8613196737372
8613196738320
8613196751313
8613196752095
8613196755601
8613196756567
8613196763227
8613196765659
8613196766118
8613196767520
8613196767560
8613196767576
8613196767619
8613196767639
8613196768003
8613196768150
8613196768301
8613196768302
8613196768891
8613196769393
8613196769520
8613196771776
8613196773722
8613196777026
8613196777062
8613196777066
8613196777072
8613196777217
8613196777297
8613196777520
8613196777560
8613196777596
8613196777616
8613196777677
8613196777713
8613196777727
8613196777736
8613196777763
8613196777856
8613196777916
8613196777929
8613196777952
8613196777956
8613196777983
8613196777990
8613196777993
8613196778177
8613196779037
8613196785603
8613196785693
8613196799072
8613196799133
8613196801959
8613196803966
8613196807593
8613196809250
8613196812381
8613196813137
8613196818165
8613196819111
8613196819700
8613196822005
8613196823183
8613196825217
8613196826832
8613196832566
8613196851177
8613196852368
8613196857108
8613196858966
8613196859196
8613196866997
8613196867823
8613196868080
8613196872940
8613196877204
8613196879312
8613196890562
8613196890857
8613196893233
8613196895229
8613196902028
8613196903304
8613196905199
8613196909598
8613196910573
8613196921355
8613196923333
8613196923339
8613196939285
8613196939290
8613196939823
8613196955408
8613196964662
8613196968340
8613196969210
8613196972565
8613196980629
8613196981977
8613196995519
8613196999719
8613205106663
8613205106832
8613205109693
8613205109888
8613205110415
8613205110529
8613205110568
8613205110752
8613205110907
8613205111292
8613205112288
8613205113311
8613205115125
8613205117057
8613205118198
8613205120463
8613205120832
8613205122008
8613205122552
8613205124465
8613205124489
8613205127552
8613205128495
8613205128640
8613205129760
8613205131266
8613205131561
8613205133127
8613205133222
8613205135356
8613205135949
8613205136372
8613205136637
8613205136796
8613205136891
8613205137010
8613205137125
8613205139881
8613205140335
8613205142555
8613205145816
8613205150321
8613205150675
8613205150963
8613205151066
8613205151879
8613205152606
8613205153100
8613205153609
8613205153635
8613205158635
8613205159113
8613205159553
8613205160722
8613205161609
8613205164452
8613205166558
8613205166650
8613205166936
8613205167721
8613205169350
8613205169659
8613205169687
8613205170983
8613205171100
8613205171302
8613205172198
8613205175602
8613205177234
8613205177996
8613205178011
8613205178199
8613205181257
8613205181681
8613205181810
8613205181811
8613205181866
8613205181899
8613205182527
8613205183937
8613205185066
8613205185131
8613205185518
8613205185795
8613205186196
8613205186528
8613205186588
8613205187030
8613205187910
8613205190057
8613205191800
8613205192259
8613205192937
8613205193807
8613205195862
8613205196621
8613205196622
8613205196677
8613205196881
8613205198715
8613205199277
8613205199830
8613205199899
8613205200005
8613205205186
8613205205222
8613218100108
8613218100705
8613218101010
8613218101756
8613218102737
8613218103211
8613218103351
8613218103783
8613218104700
8613218105056
8613218105120
8613218105666
8613218105868
8613218106312
8613218106464
8613218107211
8613218107226
8613218108022
8613218111753
8613218112580
8613218113818
8613218115135
8613218115556
8613218118880
8613218120986
8613218121391
8613218122581
8613218126499
8613218128783
8613218129075
8613218130008
8613218130503
8613218131160
8613218131523
8613218131779
8613218132236
8613218133088
8613218135367
8613218135595
8613218137203
8613218137635
8613218138688
8613218138826
8613218139335
8613218140375
8613218140775
8613218140923
8613218140953
8613218141265
8613218141536
8613218141633
8613218142052
8613218142295
8613218142585
8613218142791
8613218143072
8613218143081
8613218143190
8613218143510
8613218143797
8613218144656
8613218145067
8613218145087
8613218145282
8613218145581
8613218145760
8613218146203
8613218146353
8613218146636
8613218147156
8613218151893
8613218152550
8613218153929
8613218155518
8613218156800
8613218157601
8613218157856
8613218158270
8613218160903
8613218161118
8613218161617
8613218161693
8613218162857
8613218163559
8613218165153
8613218165230
8613218166070
8613218167003
8613218167266
8613218168683
8613218168786
8613218169286
8613218169441
8613218169817
8613218169859
8613218170021
8613218170142
8613218170213
8613218170480
8613218170609
8613218170751
8613218170890
8613218172670
8613218175092
8613218175182
8613218177002
8613218177333
8613218178915
8613218180500
8613218180802
8613218181018
8613218181230
8613218181998
8613218182866
8613218185085
8613218185319
8613218186917
8613218187593
8613218187715
8613218187777
8613218187785
8613218188003
8613218188448
8613218188835
8613218188981
8613218189358
8613218190080
8613218191017
8613218191370
8613218191430
8613218191486
8613218191654
8613218191900
8613218192509
8613218192681
8613218192775
8613218193044
8613218193048
8613218194116
8613218194206
8613218194286
8613218195400
8613218195663
8613218196000
8613218196442
8613218196660
8613218197186
8613218197770
8613218198001
8613218198295
8613218198792
8613218199180
8613218201300
8613218202770
8613218209059
8613218227165
8613218229208
8613218230625
8613218233135
8613218234316
8613218245056
8613218245977
8613218247277
8613218248365
8613218256136
8613218258631
8613218262136
8613218262570
8613218263980
8613218266067
8613218266269
8613218271090
8613218271855
8613218272623
8613218279720
8613218283312
8613218290110
8613218300952
8613218301555
8613218301998
8613218303778
8613218304185
8613218306011
8613218306482
8613218309198
8613218309780
8613218309898
8613218316469
8613218316885
8613218318707
8613218321345
8613218332368
8613218335660
8613218336666
8613218339977
8613218345666
8613218353358
8613218357507
8613218359558
8613218361716
8613218375588
8613218382098
8613218385515
8613218386698
8613218389805
8613218389868
8613218392070
8613218392099
8613218399093
8613218399585
8613218405771
8613218409960
8613218419387
8613218431075
8613218435618
8613218436878
8613218441560
8613218446165
8613218447623
8613218451449
8613218463496
8613218463624
8613218466520
8613218467589
8613218467889
8613218535629
8613218536785
8613218536857
8613218537878
8613218539051
8613218539058
8613218543791
8613218550111
8613218551855
8613218553160
8613218553500
8613218555572
8613218558099
8613218558199
8613218559155
8613218559583
8613218560111
8613218561394
8613218562713
8613218563949
8613218569908
8613218570086
8613218572669
8613218572801
8613218572970
8613218573088
8613218573815
8613218577855
8613218580234
8613218581280
8613218581413
8613218582599
8613218584666
8613218585056
8613218585630
8613218586345
8613218586642
8613218587939
8613218589808
8613218590881
8613218591226
8613218591567
8613218592074
8613218595788
8613218595999
8613218597788
8613218598602
8613218598968
8613218599858
8613218650788
8613218651088
8613218651251
8613218651872
8613218652656
8613218652939
8613218653525
8613218655557
8613218657002
8613218658951
8613218659828
8613218662632
8613218663966
8613218666831
8613218671625
8613218671715
8613218673057
8613218675079
8613218675973
8613218676057
8613218680510
8613218682800
8613218685817
8613218689990
8613218690022
8613218692088
8613218692711
8613218698118
8613218699060
8613218699789
8613218708111
8613218708703
8613218708732
8613218708921
8613218708970
8613218711569
8613218714466
8613218726798
8613218727958
8613218800070
8613218800323
8613218800777
8613218801998
8613218803699
8613218804796
8613218805211
8613218805282
8613218805620
8613218807646
8613218810018
8613218811908
8613218812222
8613218812266
8613218815250
8613218818583
8613218819001
8613218819205
8613218819566
8613218825156
8613218826152
8613218828100
8613218828191
8613218829385
8613218832008
8613218836688
8613218839039
8613218841959
8613218844370
8613218860531
8613218865732
8613218868007
8613218872409
8613218872443
8613218876882
8613218877886
8613218879007
8613218903420
8613218912481
8613218913406
8613218916504
8613218921291
8613218921361
8613218921924
8613218924616
8613218924742
8613218930625
8613218932222
8613218932479
8613218936935
8613218938326
8613218949249
8613218956188
8613218958300
8613218962283
8613218967372
8613218968087
8613218969995
8613218975856
8613218980085
8613218981333
8613218983000
8613218984168
8613218988938
8613218990131
8613218993210
8613218993220
8613218995559
8613222100056
8613222100851
8613222102040
8613222105765
8613222112290
8613222116281
8613222119991
8613222121249
8613222125182
8613222127292
8613222129802
8613222132929
8613222133384
8613222133448
8613222134588
8613222135105
8613222136181
8613222136918
8613222151880
8613222154378
8613222167039
8613222170717
8613222173999
8613222175036
8613222178298
8613222178341
8613222179608
8613222185779
8613222188198
8613222188227
8613222188857
8613222188932
8613222192287
8613222194925
8613222198518
8613222200155
8613222201230
8613222201255
8613222202221
8613222202375
8613222202402
8613222202937
8613222203001
8613222203003
8613222203159
8613222203507
8613222205461
8613222205882
8613222206065
8613222206188
8613222206321
8613222207098
8613222207226
8613222208005
8613222208081
8613222208278
8613222209006
8613222209990
8613222210357
8613222211321
8613222211355
8613222211898
8613222211911
8613222212789
8613222216018
8613222217060
8613222218529
8613222218915
8613222218975
8613222219653
8613222220793
8613222220884
8613222221221
8613222221232
8613222221334
8613222221471
8613222221805
8613222221850
8613222221856
8613222221875
8613222221888
8613222221892
8613222221976
8613222221982
8613222222030
8613222222095
8613222222228
8613222222564
8613222223339
8613222223550
8613222223789
8613222225004
8613222225407
8613222225582
8613222225805
8613222226413
8613222228334
8613222228669
8613222228808
8613222228815
8613222229355
8613222229698
8613222230881
8613222230885
8613222231033
8613222231066
8613222231586
8613222231860
8613222232073
8613222232733
8613222233206
8613222233223
8613222235511
8613222235807
8613222236566
8613222238833
8613222239136
8613222239156
8613222239606
8613222239990
8613222239996
8613222240200
8613222240637
8613222241016
8613222241372
8613222241410
8613222241441
8613222241659
8613222241950
8613222242034
8613222242275
8613222244320
8613222245079
8613222246577
8613222249013
8613222249116
8613222249259
8613222250800
8613222251254
8613222251400
8613222251766
8613222251852
8613222252099
8613222252176
8613222252226
8613222252262
8613222252285
8613222252295
8613222253042
8613222253048
8613222253949
8613222255300
8613222255530
8613222256029
8613222256199
8613222256762
8613222257220
8613222257506
8613222258235
8613222259205
8613222259661
8613222259897
8613222260027
8613222261465
8613222261799
8613222261813
8613222261912
8613222262226
8613222262521
8613222263100
8613222263923
8613222265505
8613222265512
8613222266322
8613222266510
8613222268620
8613222270386
8613222270503
8613222270828
8613222271592
8613222271798
8613222271922
8613222272277
8613222272968
8613222273107
8613222273520
8613222273863
8613222273872
8613222274673
8613222275560
8613222275582
8613222276075
8613222276304
8613222276580
8613222276612
8613222277993
8613222278211
8613222278226
8613222278572
8613222278777
8613222278782
8613222279279
8613222279283
8613222279747
8613222280404
8613222280572
8613222280580
8613222282192
8613222282529
8613222282880
8613222283258
8613222283958
8613222284655
8613222285538
8613222285613
8613222285715
8613222286049
8613222288059
8613222288789
8613222289685
8613222291506
8613222292220
8613222292293
8613222292529
8613222293295
8613222293793
8613222293881
8613222294999
8613222295042
8613222295658
8613222296609
8613222298853
8613222298962
8613222299886
8613222301718
8613222303011
8613222304171
8613222305266
8613222308240
8613222311858
8613222313878
8613222415737
8613222416134
8613222421589
8613222423456
8613222423662
8613222425866
8613222428365
8613222466257
8613222481116
8613222483000
8613222485612
8613222486359
8613222491220
8613222491778
8613222493236
8613222496321
8613222501768
8613222505902
8613222510265
8613222510780
8613222514903
8613222518335
8613222520699
8613222520732
8613222521001
8613222521899
8613222522222
8613222525217
8613222527712
8613222532792
8613222537811
8613222539218
8613222550720
8613222555008
8613222560288
8613222565323
8613222571588
8613222571667
8613222581798
8613222583118
8613222583222
8613222583712
8613222586126
8613222589835
8613222590338
8613222590779
8613222593338
8613222593371
8613222596966
8613222599959
8613222602229
8613222603218
8613222605522
8613222609922
8613222610858
8613222620233
8613222621108
8613222621537
8613222621570
8613222621747
8613222622222
8613222635292
8613222637188
8613222638720
8613222647913
8613222652325
8613222657911
8613222665269
8613222666588
8613222667000
8613222667358
8613222668661
8613222668881
8613222669977
8613222671960
8613222673263
8613222675977
8613222676613
8613222677979
8613222686601
8613222687208
8613222688948
8613222689819
8613222689990
8613222690102
8613222690832
8613222691321
8613222691735
8613222693760
8613222695320
8613222695491
8613222695823
8613222695972
8613222696276
8613222696910
8613222697363
8613222697618
8613222697671
8613222697688
8613222697868
8613222698630
8613222700666
8613222700997
8613222702703
8613222704658
8613222705236
8613222705768
8613222706606
8613222707275
8613222707932
8613222708132
8613222708282
8613222708641
8613222713766
8613222717681
8613222717845
8613222718238
8613222719105
8613222719199
8613222719951
8613222950192
8613222953826
8613222955027
8613222956103
8613222956871
8613222956889
8613222957556
8613222958007
8613222961827
8613222963130
8613222963452
8613222963678
8613222966269
8613222966273
8613222966773
8613222966981
8613222967005
8613222973973
8613222975161
8613222975361
8613222975552
8613222975727
8613222975753
8613222977129
8613222977775
8613222978662
8613222978825
8613222980573
8613222980828
8613222980982
8613222981699
8613222985960
8613222986066
8613222986660
8613222986835
8613222987152
8613222988288
8613222988795
8613222988816
8613222989322
8613222989698
8613222989798
8613222991809
8613222993539
8613222995065
8613222995522
8613222996057
8613222996616
8613222996659
8613222996660
8613222997079
8613222997213
8613222998097
8613222999500
8613222999506
8613222999521
8613225113067
8613225115551
8613225115971
8613225116699
8613225117377
8613225121165
8613225123523
8613225126375
8613225126612
8613225127827
8613225128112
8613225129608
8613225136161
8613225137351
8613225161191
8613225162986
8613225164893
8613225170686
8613225177600
8613225177729
8613225178886
8613225186567
8613225188231
8613225190590
8613225198668
8613225198876
8613225209705
8613225211289
8613225211570
8613225217679
8613225220519
8613225227703
8613225228050
8613225229900
8613225232523
8613225241703
8613225251198
8613225251762
8613225252530
8613225255377
8613225255880
8613225256357
8613225257236
8613225260496
8613225260659
8613225261659
8613225261666
8613225261695
8613225266675
8613225268889
8613225269999
8613225271320
8613225271358
8613225271818
8613225274401
8613225274479
8613225277591
8613225277602
8613225277788
8613225279985
8613225280041
8613225280050
8613225281588
8613225281600
8613225281683
8613225281689
8613225285005
8613225286581
8613225287828
8613225288505
8613225291000
8613225291018
8613225291129
8613225292910
8613225295675
8613225298988
8613228702538
8613228709616
8613228713224
8613228718068
8613228718720
8613228718773
8613228721268
8613228723005
8613228724710
8613228725433
8613228735893
8613228752828
8613228754523
8613228766058
8613228777998
8613228779815
8613228783282
8613228789502
8613228789523
8613228789536
8613228790361
8613228792975
8613228797379
8613228800618
8613228801795
8613228802122
8613228802518
8613228803050
8613228805611
8613228808859
8613228809790
8613228810170
8613228811708
8613228813317
8613228816298
8613228817720
8613228819633
8613228819723
8613228821064
8613228822421
8613228822559
8613228824569
8613228826721
8613228827129
8613228828175
8613228828561
8613228828822
8613228833519
8613228838198
8613228839592
8613228848858
8613228849227
8613228851595
8613228853979
8613228855187
8613228857481
8613228858315
8613228862989
8613228863091
8613228867247
8613228869595
8613228871376
8613228871568
8613228877155
8613228878600
8613228880585
8613228885102
8613228887360
8613228888469
8613228888814
8613228890372
8613228890390
8613228896156
8613228896189
8613228896878
8613228899423
8613235105521
8613235106062
8613235106126
8613235111786
8613235129990
8613235135522
8613235139390
8613235148171
8613235149210
8613235150118
8613235153622
8613235155628
8613235155816
8613235156777
8613235163531
8613235163680
8613235163687
8613235163699
8613235163717
8613235163721
8613235163722
8613235163859
8613235163886
8613235163893
8613235163895
8613235163900
8613235163919
8613235163920
8613235163969
8613235163976
8613235185782
8613235189071
8613235189076
8613235189197
8613235190350
8613235192805
8613235197851
8613235200261
8613235201066
8613235205522
8613235210880
8613235223505
8613235229763
8613235231885
8613235233337
8613235235881
8613235236999
8613235238388
8613235248910
8613235249392
8613235250215
8613235251373
8613235252806
8613235253999
8613235258373
8613235261370
8613235262986
8613235266186
8613235269698
8613235275532
8613235276275
8613235279003
8613235287652
8613235287662
8613235295202
8613235298188
8613236000005
8613236000506
8613236001932
8613236002007
8613236002040
8613236002299
8613236002316
8613236002800
8613236003064
8613236003440
8613236003588
8613236005157
8613236005404
8613236006289
8613236006817
8613236006935
8613236007628
8613236007979
8613236009008
8613236009337
8613236009881
8613236009966
8613236010381
8613236011429
8613236011526
8613236015346
8613236017727
8613236017806
8613236018168
8613236022228
8613236022390
8613236022567
8613236023130
8613236025002
8613236027177
8613236028483
8613236031506
8613236033832
8613236036366
8613236036765
8613236038518
8613236047052
8613236047666
8613236052886
8613236056777
8613236059981
8613236060903
8613236061335
8613236062737
8613236067600
8613236068886
8613236069999
8613236071242
8613236073631
8613236075313
8613236077499
8613236078377
8613236080502
8613236081378
8613236083327
8613236085130
8613236086650
8613236091676
8613236095600
8613236098686
8613236099267
8613236099596
8613236146290
8613236153802
8613236156135
8613236164488
8613236167086
8613236169870
8613236171700
8613236171970
8613236172369
8613236172382
8613236177600
8613236186668
8613236191070
8613236192072
8613236205181
8613236205678
8613236206163
8613236206169
8613236206672
8613236207228
8613236208058
8613236210698
8613236212236
8613236212596
8613236216509
8613236220919
8613236223167
8613236229903
8613236231880
8613236232122
8613236232695
8613236233040
8613236233853
8613236236908
8613236237760
8613236238088
8613236239231
8613236239979
8613236252230
8613236254008
8613236254155
8613236254671
8613236256663
8613236261065
8613236261466
8613236268815
8613236268818
8613236269164
8613236306866
8613236310521
8613236316526
8613236318782
8613236318932
8613236322400
8613236323897
8613236331666
8613236333722
8613236339028
8613236340753
8613236345208
8613236345631
8613236349788
8613236350688
8613236353899
8613236356316
8613236358688
8613236359085
8613236360888
8613236362888
8613236363597
8613236366690
8613236367711
8613236370859
8613236371088
8613236371315
8613236371632
8613236372015
8613236372533
8613236373167
8613236373367
8613236378282
8613236380503
8613236382810
8613236390188
8613236391511
8613236391966
8613236392566
8613236392688
8613236398792
8613236399911
8613236448888
8613236461888
8613236468344
8613236468455
8613236469062
8613236469266
8613236474372
8613236489361
8613236492293
8613236493939
8613236494831
8613245088872
8613245702772
8613245708889
8613255122667
8613255123402
8613255125578
8613255126049
8613255126926
8613255127531
8613255127896
8613255129416
8613255135263
8613255137790
8613255138188
8613255138288
8613255138831
8613255139073
8613255139102
8613255139106
8613255139175
8613255139261
8613255139441
8613255140281
8613255143593
8613255145251
8613255145573
8613255145695
8613255145805
8613255146552
8613255146560
8613255146580
8613255146592
8613255147325
8613255147672
8613255148212
8613255148363
8613255149173
8613255149556
8613255149716
8613255150590
8613255150767
8613255151115
8613255151224
8613255152292
8613255152677
8613255152748
8613255153025
8613255155556
8613255156016
8613255156056
8613255159380
8613255159698
8613255160683
8613255163206
8613255163875
8613255165955
8613255166055
8613255166056
8613255166803
8613255173605
8613255173677
8613255174916
8613255174926
8613255175576
8613255177361
8613255180135
8613255180712
8613255180766
8613255181167
8613255182302
8613255182919
8613255184467
8613255185928
8613255186660
8613255187052
8613255188100
8613255188128
8613255188260
8613255188922
8613255190000
8613255191000
8613255191426
8613255193320
8613255193344
8613255193406
8613255195022
8613255196631
8613255197181
8613255199758
8613255230590
8613255236723
8613255240580
8613255251327
8613255258587
8613255258901
8613270000591
8613270001696
8613270003955
8613270008805
8613270200110
8613270204817
8613270205665
8613270205857
8613270207778
8613270209000
8613270212517
8613270213797
8613270216387
8613270219919
8613270221018
8613270221855
8613270222039
8613270222728
8613270222957
8613270226988
8613270228537
8613270229288
8613270231885
8613270239886
8613270239999
8613270249958
8613270253443
8613270255678
8613270255906
8613270257116
8613270261855
8613270262336
8613270262555
8613270264281
8613270264403
8613270266681
8613270268118
8613270269868
8613270269909
8613270269978
8613270271530
8613270271968
8613270272851
8613270279616
8613270280503
8613270282567
8613270284232
8613270285089
8613270287678
8613270288199
8613270288598
8613270289000
8613270289177
8613270290031
8613270291237
8613270292366
8613270293896
8613270321198
8613270325551
8613270333148
8613270335359
8613270335885
8613270335887
8613270336016
8613270336119
8613270338929
8613270350078
8613270350185
8613270350666
8613270351219
8613270353767
8613270359091
8613270360550
8613270365768
8613270367679
8613270368989
8613270369755
8613270370630
8613270370671
8613270372197
8613270379216
8613270379997
8613270380115
8613270382037
8613270382306
8613270382560
8613270382760
8613270382980
8613270383189
8613270383360
8613270386760
8613270386960
8613270387087
8613270387160
8613270388360
8613270388560
8613270390866
8613270390886
8613270390887
8613270391553
8613270391559
8613270391561
8613270391576
8613270391587
8613270395775
8613270398637
8613270408080
8613270431666
8613270462821
8613270466692
8613270470223
8613270470360
8613270470982
8613270473703
8613270478323
8613270515818
8613270517508
8613270521299
8613270521988
8613270529655
8613270536651
8613270543666
8613270555966
8613270559666
8613270560222
8613270565197
8613270567788
8613270568831
8613270569855
8613270570086
8613270572999
8613270575801
8613270580169
8613270590039
8613270596736
8613270597888
8613270600569
8613270603598
8613270603678
8613270606012
8613270606289
8613270607037
8613270615199
8613270619907
8613270660110
8613270660371
8613270660909
8613270661307
8613270661963
8613270666613
8613270667090
8613270669820
8613270679320
8613270685666
8613270688285
8613270692010
8613270693366
8613270695390
8613270763016
8613270763333
8613270766661
8613270766918
8613270768000
8613270778668
8613270784119
8613270786001
8613270787033
8613270790351
8613270790365
8613270790383
8613270790389
8613270790390
8613270790391
8613270793005
8613270900910
8613270900950
8613270905216
8613270909600
8613270910119
8613270913453
8613270915287
8613270916113
8613270923360
8613270923599
8613270937775
8613270950780
8613270955226
8613270955229
8613270955519
8613270960371
8613270960812
8613270964255
8613270964629
8613270966643
8613270967088
8613270967096
8613270967107
8613270967890
8613270970576
8613270971668
8613270972570
8613270973396
8613270975369
8613270975650
8613270975655
8613270977977
8613270978112
8613270979008
8613270980663
8613270981132
8613270981756
8613270982902
8613270985098
8613270985392
8613270986365
8613270986620
8613270986658
8613270988816
8613270989326
8613270989752
8613270990527
8613270990651
8613270991077
8613270991123
8613270991722
8613270993356
8613270995218
8613270995226
8613270995699
8613270996663
8613270996979
8613270997877
8613270998099
8613270998130
8613270998630
8613270998687
8613270998731
8613270998808
8613270998818
8613270998819
8613270999000
8613270999119
8613270999189
8613275110511
8613275111962
8613275112517
8613275112586
8613275120428
8613275123652
8613275123797
8613275125588
8613275131678
8613275132330
8613275132831
8613275141999
8613275160230
8613275160265
8613275163683
8613275164250
8613275165885
8613275171083
8613275172025
8613275173861
8613275175888
8613275176680
8613275177515
8613275177601
8613275182108
8613275188271
8613275192220
8613275192266
8613275195888
8613275196585
8613275200707
8613275200909
8613275206333
8613275210258
8613275210926
8613275212508
8613275215922
8613275217990
8613275221528
8613275222557
8613275227377
8613275230018
8613275230158
8613275230168
8613275230873
8613275242006
8613275242888
8613275245878
8613275246098
8613275246562
8613275250686
8613275251882
8613275258531
8613275262602
8613275276846
8613275279085
8613275280961
8613275284145
8613275285756
8613275286246
8613275296603
8613275297757
8613275299575
8613276150526
8613276151705
8613276152063
8613276152606
8613276153950
8613276154322
8613276155016
8613276155217
8613276155807
8613276156522
8613276156531
8613276156766
8613276156885
8613276157031
8613276157067
8613276157597
8613276158987
8613276159199
8613276159397
8613276159612
8613276159669
8613276159691
8613276159889
8613276159906
8613276159913
8613276160085
8613276162807
8613276163543
8613276169283
8613276169615
8613276172572
8613276173659
8613276176325
8613276179397
8613276180767
8613276180888
8613276185588
8613276195075
8613276500150
8613276501965
8613276505067
8613276505770
8613276506144
8613276508568
8613276508661
8613276511885
8613276512821
8613276513994
8613276517222
8613276517566
8613276517812
8613276522391
8613276522822
8613276522833
8613276526613
8613276529752
8613276529809
8613276538285
8613276541023
8613276546616
8613276550188
8613276550505
8613276554555
8613276555281
8613276559973
8613276561121
8613276563199
8613276563955
8613276565226
8613276566588
8613276569118
8613276573808
8613276582226
8613276582888
8613276585220
8613276586802
8613276591356
8613276593925
8613276597266
8613276597444
8613276597866
8613276599000
8613276599990
8613276690208
8613276690269
8613276691601
8613276691696
8613276691839
8613276692130
8613276692188
8613276692730
8613276693706
8613276695206
8613276698061
8613276698367
8613276698987
8613276699979
8613285101195
8613285101370
8613285103821
8613285105750
8613285110855
8613285112183
8613285112307
8613285117337
8613285119569
8613285121071
8613285121513
8613285122227
8613285122348
8613285122592
8613285123705
8613285126837
8613285126978
8613285127992
8613285128217
8613285128579
8613285128990
8613285129296
8613285135594
8613285138135
8613285140520
8613285140623
8613285140767
8613285141061
8613285141106
8613285141592
8613285141610
8613285141769
8613285142096
8613285142181
8613285142231
8613285142683
8613285142771
8613285142860
8613285143167
8613285143196
8613285143382
8613285143575
8613285143612
8613285143632
8613285143729
8613285143770
8613285143895
8613285143960
8613285143972
8613285144897
8613285144909
8613285144913
8613285144932
8613285144960
8613285144975
8613285145067
8613285145153
8613285145177
8613285145193
8613285145207
8613285145224
8613285145235
8613285145237
8613285145302
8613285145326
8613285145373
8613285145374
8613285145389
8613285145452
8613285145475
8613285145503
8613285145657
8613285145709
8613285145771
8613285145839
8613285145842
8613285145843
8613285145848
8613285145851
8613285145874
8613285145893
8613285146064
8613285146104
8613285146330
8613285146990
8613285147163
8613285148095
8613285148216
8613285148676
8613285148706
8613285148725
8613285148817
8613285148997
8613285149760
8613285151331
8613285151852
8613285152412
8613285153282
8613285155033
8613285155888
8613285156903
8613285157363
8613285157371
8613285157771
8613285157995
8613285158076
8613285158593
8613285158868
8613285158869
8613285158966
8613285159367
8613285159691
8613285159963
8613285161579
8613285162108
8613285162175
8613285162293
8613285162302
8613285165089
8613285165381
8613285166110
8613285166152
8613285166505
8613285168348
8613285168901
8613285169020
8613285169096
8613285169192
8613285169325
8613285170701
8613285174003
8613285175241
8613285177002
8613285177104
8613285177655
8613285179662
8613285181857
8613285183895
8613285183991
8613285192823
8613285195927
8613285197099
8613285198144
8613285201026
8613285201076
8613285202666
8613285203101
8613285207580
8613285216597
8613285220490
8613285222329
8613285230075
8613285235789
8613285237999
8613285248120
8613285249991
8613285260811
8613285264705
8613285264707
8613285264711
8613285264713
8613285264720
8613285264726
8613285264731
8613285264738
8613285264758
8613285265833
8613285266100
8613285271210
8613285274110
8613285279465
8613285279632
8613285283316
8613285285111
8613285291298
8613285297222
8613291000534
8613291000908
8613291001523
8613291008686
8613291008789
8613291008885
8613291009882
8613291010210
8613291012770
8613291018886
8613291021312
8613291026688
8613291026866
8613291032857
8613291037270
8613291039139
8613291053901
8613291055689
8613291080412
8613291080588
8613291080688
8613291080746
8613291080788
8613291081588
8613291081780
8613291082705
8613291083288
8613291087288
8613291087388
8613291088292
8613291088388
8613291088688
8613291088886
8613291089757
8613291089788
8613291090789
8613291091891
8613291092881
8613291095305
8613291096940
8613291097800
8613291098099
8613291099263
8613291099265
8613291099299
8613291099812
8613291105772
8613291106695
8613291107931
8613291108599
8613291108882
8613291108963
8613291110490
8613291111819
8613291112169
8613291113361
8613291117159
8613291118023
8613291125150
8613291126064
8613291127296
8613291129393
8613291135054
8613291135857
8613291150386
8613291150591
8613291150706
8613291150800
8613291150875
8613291151877
8613291152275
8613291152526
8613291152785
8613291152862
8613291153665
8613291153932
8613291153973
8613291156020
8613291156627
8613291156762
8613291156923
8613291156926
8613291157013
8613291157286
8613291157863
8613291158088
8613291158483
8613291158958
8613291159117
8613291159215
8613291159216
8613291160150
8613291160860
8613291160923
8613291161328
8613291161598
8613291162370
8613291162740
8613291163661
8613291165379
8613291167058
8613291167571
8613291169495
8613291171005
8613291171702
8613291171773
8613291172377
8613291173263
8613291173621
8613291174187
8613291175169
8613291175346
8613291175507
8613291176391
8613291177537
8613291177700
8613291177740
8613291177871
8613291178000
8613291178558
8613291178963
8613291180761
8613291183121
8613291186317
8613291187566
8613291191239
8613291191521
8613291195000
8613291195623
8613291196558
8613291197677
8613291197907
8613291199262
8613291199802
8613291311077
8613291312515
8613291318855
8613291318990
8613291380398
8613291386101
8613291387229
8613291388717
8613291391007
8613291392731
8613291392981
8613291395267
8613291396937
8613291399593
8613295100186
8613295100600
8613295101008
8613295101095
8613295101101
8613295101122
8613295102297
8613295103520
8613295103725
8613295105209
8613295105656
8613295106060
8613295106600
8613295107298
8613295107771
8613295108000
8613295108111
8613295109518
8613295109927
8613295110089
8613295110092
8613295110505
8613295110968
8613295110979
8613295111222
8613295111726
8613295111778
8613295112233
8613295112578
8613295113182
8613295113259
8613295113363
8613295113509
8613295115500
8613295116230
8613295116611
8613295116690
8613295117302
8613295117697
8613295117880
8613295118188
8613295118212
8613295118275
8613295119335
8613295119856
8613295119952
8613295123020
8613295125002
8613295128885
8613295128983
8613295129689
8613295130152
8613295133086
8613295133172
8613295133883
8613295133988
8613295135072
8613295136985
8613295138962
8613295139458
8613295139990
8613295139995
8613295141135
8613295142282
8613295143137
8613295144471
8613295146802
8613295146901
8613295147120
8613295147209
8613295149380
8613295149535
8613295150201
8613295150353
8613295150907
8613295152385
8613295153531
8613295156977
8613295157030
8613295157661
8613295158692
8613295158801
8613295162478
8613295165370
8613295166123
8613295167980
8613295168612
8613295169053
8613295169083
8613295169093
8613295169200
8613295169776
8613295169853
8613295169907
8613295170607
8613295171795
8613295173115
8613295173354
8613295173937
8613295176169
8613295176299
8613295177533
8613295178617
8613295180842
8613295181456
8613295183212
8613295186329
8613295187657
8613295188308
8613295189081
8613295196410
8613295198300
8613295199317
8613295200028
8613295200788
8613295202866
8613295203956
8613295204321
8613295204806
8613295208175
8613295215491
8613295216722
8613295217920
8613295218515
8613295219278
8613295219523
8613295220050
8613295220528
8613295220693
8613295222787
8613295226013
8613295226600
8613295230277
8613295230500
8613295230611
8613295230955
8613295230977
8613295231009
8613295248171
8613295253283
8613295253298
8613295253851
8613295253980
8613295254355
8613295254419
8613295254518
8613295255356
8613295255485
8613295255664
8613295256021
8613295256210
8613295256302
8613295256521
8613295256757
8613295256800
8613295256927
8613295257865
8613295258406
8613295259186
8613295259273
8613295259378
8613295259420
8613295263530
8613295263539
8613295270661
8613295272235
8613295276355
8613295277700
8613295279852
8613295287102
8613295288336
8613295293741
8613295296849
8615501300065
8615501300235
8615501300925
8615501301094
8615501301802
8615501302067
8615501302247
8615501302664
8615501303317
8615501303481
8615501303654
8615501304110
8615501304346
8615501304356
8615501304431
8615501304453
8615501304469
8615501304552
8615501304617
8615501308783
8615501308828
8615501320581
8615501325116
8615501325306
8615501326713
8615501330272
8615501332596
8615501333726
8615501336157
8615501336761
8615501337360
8615501337361
8615501338709
8615501339063
8615501339357
8615501339970
8615501351012
8615501351196
8615501352395
8615501353303
8615501355030
8615501355036
8615501355799
8615501356970
8615501358703
8615501358962
8615501359083
8615501359760
8615501359935
8615501360002
8615501360307
8615501361196
8615501362220
8615501366518
8615501366545
8615501366573
8615501366668
8615501366672
8615501368333
8615501368981
8615501369972
8615501370615
8615501372807
8615501373176
8615501373379
8615501373381
8615501373651
8615501373763
8615501373825
8615501373875
8615501373936
8615501374549
8615501375313
8615501375601
8615501375783
8615501376205
8615501376223
8615501376620
8615501377125
8615501377789
8615501378917
8615501379079
8615501379287
8615501379753
8615501379829
8615501386591
8615501394215
8615501395277
8615501396269
8615501399233
8615501429330
8615501429921
8615501440137
8615501445802
8615501471090
8615501471631
8615501478088
8615501478177
8615501478875
8615501490877
8615501491395
8615501491531
8615501492509
8615501500049
8615501500314
8615501500921
8615501500994
8615501501290
8615501501417
8615501501419
8615501501456
8615501501777
8615501501821
8615501502785
8615501503036
8615501516272
8615501526941
8615501541306
8615501543595
8615501548255
8615501549426
8615501550002
8615501550008
8615501550415
8615501550845
8615501552544
8615501553900
8615501555552
8615501558200
8615501560531
8615501561302
8615501561465
8615501562813
8615501564568
8615501564718
8615501565391
8615501565807
8615501566106
8615501567370
8615501567390
8615501567953
8615501568112
8615501568176
8615501568695
8615501568715
8615501575260
8615501575322
8615501575790
8615501580116
8615501580816
8615501580826
8615501580891
8615501581009
8615501583763
8615501588336
8615501588566
8615501588879
8615501590206
8615501592219
8615501595669
8615501596696
8615501596705
8615501596826
8615501598808
8615501600327
8615501600862
8615501602263
8615501605026
8615501606609
8615501606726
8615501606776
8615501607559
8615501607895
8615501607965
8615501608132
8615501609211
8615501609512
8615501609989
8615501610096
8615501610370
8615501612116
8615501613500
8615501615285
8615501616570
8615501616965
8615501617659
8615501618132
8615501618323
8615501618789
8615501619026
8615501619262
8615501619695
8615501621967
8615501621992
8615501622500
8615501622550
8615501622716
8615501628342
8615501628666
8615501633719
8615501634167
8615501638129
8615501640175
8615501640277
8615501640725
8615501640729
8615501640817
8615501640853
8615501641101
8615501641251
8615501641297
8615501641615
8615501650106
8615501652089
8615501653971
8615501655516
8615501656162
8615501656923
8615501658069
8615501659250
8615501659882
8615501661921
8615501671090
8615501673835
8615501675776
8615501676109
8615501676205
8615501676212
8615501676900
8615501677165
8615501677753
8615501677990
8615501678363
8615501679091
8615501679310
8615501679329
8615501679692
8615501691536
8615501692080
8615501692244
8615501695237
8615501695550
8615501695633
8615501698429
8615505100777
8615505102852
8615505103857
8615505103913
8615505112558
8615505114980
8615505118041
8615505131259
8615505132332
8615505133557
8615505133596
8615505133725
8615505135053
8615505135229
8615505135307
8615505136386
8615505137019
8615505138220
8615505141623
8615505155242
8615505157137
8615505158210
8615505171711
8615505172765
8615505175667
8615505177572
8615505177885
8615505193685
8615505197777
8615505198887
8615505211138
8615505215082
8615505215782
8615505219272
8615505225747
8615505229816
8615505229861
8615505233956
8615505240301
8615505240310
8615505240362
8615505240376
8615505240620
8615505241180
8615505241203
8615505241237
8615505241905
8615505242081
8615505242125
8615505242976
8615505243129
8615505243152
8615505245691
8615505246017
8615505246250
8615505246881
8615505246991
8615505247072
8615505247220
8615505247302
8615505247526
8615505247879
8615505247893
8615505248225
8615505248270
8615505248563
8615505249021
8615505249302
8615505249362
8615505249897
8615505249930
8615505249982
8615505253437
8615505254878
8615505254922
8615505254996
8615505257318
8615506100378
8615506100875
8615506100896
8615506100996
8615506101322
8615506101415
8615506101879
8615506102326
8615506102517
8615506102651
8615506102693
8615506102761
8615506102823
8615506102850
8615506103076
8615506103167
8615506103179
8615506103385
8615506103453
8615506103733
8615506103813
8615506105138
8615506105815
8615506107911
8615506108369
8615506116106
8615506118726
8615506121541
8615506122296
8615506125053
8615506125187
8615506126243
8615506129905
8615506130909
8615506135498
8615506139147
8615506139621
8615506139631
8615506139785
8615506151684
8615506155503
8615506156291
8615506160852
8615506162296
8615506163420
8615506166390
8615506167126
8615506167720
8615506167779
8615506169256
8615506170130
8615506171782
8615506176153
8615506176951
8615506179573
8615506180690
8615506185696
8615506185712
8615506186016
8615506186417
8615506187656
8615506187852
8615506187985
8615506188189
8615506188608
8615506188625
8615506188882
8615506189559
8615506189607
8615506189682
8615506190118
8615506190682
8615506192709
8615506193770
8615506196379
8615506198680
8615506200200
8615506201935
8615506202966
8615506203000
8615506203861
8615506206266
8615506208088
8615506209818
8615506210158
8615506214586
8615506215795
8615506215936
8615506226601
8615506228896
8615506230852
8615506230963
8615506230995
8615506231529
8615506233152
8615506236127
8615506236532
8615506236536
8615506236556
8615506236570
8615506236572
8615506236573
8615506236591
8615506236596
8615506236857
8615506236985
8615506236992
8615506237613
8615506237633
8615506238373
8615506238610
8615506238623
8615506238789
8615506239017
8615506239063
8615506240363
8615506247212
8615506250065
8615506250396
8615506250899
8615506250976
8615506251117
8615506251507
8615506251905
8615506252756
8615506253010
8615506253912
8615506255007
8615506257516
8615506257615
8615506258195
8615506258211
8615506258261
8615506258793
8615506258830
8615506258900
8615506259021
8615506259119
8615506260215
8615506260692
8615506261985
8615506262395
8615506265009
8615506266166
8615506268050
8615506269051
8615506270286
8615506272150
8615506272195
8615506272869
8615506273637
8615506275621
8615506275790
8615506275821
8615506276703
8615506276779
8615506277069
8615506277075
8615506277556
8615506277656
8615506277662
8615506277665
8615506278020
8615506278188
8615506279530
8615506279651
8615506279680
8615506289036
8615506290708
8615506291012
8615506292776
8615506293285
8615506295761
8615506296890
8615506297632
8615506298288
8615599000075
8615599000628
8615599000658
8615599001057
8615599001761
8615599002623
8615599003252
8615599003329
8615599003507
8615599005276
8615599005459
8615599005504
8615599005567
8615599005584
8615599006199
8615599007176
8615599007224
8615599007344
8615599007377
8615599008000
8615599008298
8615599008333
8615599008398
8615599009191
8615599009280
8615599009444
8615599009512
8615599011378
8615599011673
8615599012123
8615599012211
8615599013550
8615599013793
8615599015433
8615599016622
8615599016626
8615599016766
8615599016809
8615599016826
8615599016873
8615599018819
8615599018949
8615599019389
8615599019911
8615599019998
8615599020163
8615599021376
8615599021579
8615599022025
8615599023161
8615599028075
8615599029819
8615599029860
8615599035020
8615599035229
8615599035687
8615599035755
8615599036031
8615599036266
8615599036975
8615599037081
8615599037996
8615599043316
8615599050513
8615599052165
8615599052991
8615599055299
8615599056120
8615599057210
8615599059180
8615599059503
8615599060333
8615599062666
8615599062751
8615599063099
8615599070557
8615599070576
8615599071679
8615599072291
8615599072691
8615599074442
8615599076590
8615599077770
8615599078100
8615599078897
8615599079080
8615599079085
8615599079606
8615599079731
8615599079774
8615599079908
8615599080182
8615599081556
8615599081564
8615599081757
8615599081998
8615599082170
8615599082257
8615599082556
8615599083663
8615599083798
8615599083859
8615599085029
8615599085573
8615599086260
8615599086266
8615599086285
8615599086312
8615599086760
8615599086836
8615599086904
8615599087712
8615599087726
8615599087778
8615599088151
8615599088576
8615599089391
8615599090058
8615599091088
8615599091581
8615599091606
8615599091892
8615599092060
8615599092239
8615599092280
8615599092290
8615599093239
8615599093546
8615599093683
8615599095099
8615599095518
8615599096606
8615599096669
8615599096999
8615599097039
8615599097692
8615599097915
8615599099088
8615599099118
8615599099666
8615599099688
8615599099766
8615599099777
8615599099833
8615599099993
8615599099997
8615601404000
8615601408192
8615601422220
8615601431211
8615601432278
8615601435226
8615601436237
8615601436287
8615601436447
8615601436739
8615601436775
8615601462162
8615601462912
8615601470156
8615601476077
8615601479095
8615601479368
8615601480881
8615601487789
8615601488012
8615601491688
8615601500285
8615601500790
8615601500795
8615601500971
8615601500975
8615601501002
8615601501037
8615601502001
8615601502008
8615601502128
8615601502212
8615601502259
8615601502372
8615601502395
8615601502723
8615601503008
8615601503036
8615601503070
8615601503071
8615601503125
8615601503216
8615601503225
8615601503293
8615601503552
8615601503557
8615601503572
8615601503685
8615601503756
8615601503760
8615601503772
8615601503871
8615601503875
8615601505123
8615601505161
8615601506018
8615601506290
8615601506713
8615601507370
8615601507556
8615601507565
8615601507773
8615601507793
8615601508881
8615601509038
8615601542077
8615601550430
8615601555515
8615601557698
8615601559949
8615601560983
8615601561110
8615601561533
8615601561968
8615601565686
8615601566008
8615601566250
8615601566298
8615601566609
8615601566631
8615601566701
8615601566979
8615601567987
8615601567997
8615601568286
8615601568829
8615601569287
8615601569532
8615601570707
8615601571001
8615601571258
8615601572015
8615601573895
8615601575976
8615601576005
8615601577790
8615601579335
8615601579995
8615605122282
8615605138611
8615605138866
8615605201948
8615605201999
8615605203099
8615605205066
8615605205236
8615605206320
8615605206677
8615605207883
8615605215556
8615605216186
8615605219179
8615605221658
8615605222273
8615605229996
8615605231515
8615605233371
8615605235268
8615605238668
8615605239592
8615605252333
8615605255880
8615605263951
8615605265020
8615605269968
8615605271638
8615605273937
8615605281252
8615605282909
8615605288882
8615605290271
8615605291752
8615605291853
8615605292165
8615605292663
8615605293666
8615605297878
8615605299090
8615606100607
8615606101631
8615606101966
8615606102766
8615606104358
8615606104820
8615606105685
8615606106987
8615606107782
8615606111604
8615606115552
8615606118518
8615606119178
8615606120228
8615606121397
8615606122682
8615606123568
8615606126835
8615606126969
8615606128088
8615606130618
8615606133791
8615606136236
8615606138713
8615606140862
8615606142381
8615606146886
8615606204103
8615606206097
8615606207306
8615606208220
8615606211880
8615606212030
8615606217228
8615606218454
8615606220883
8615606221296
8615606221300
8615606221667
8615606221800
8615606222016
8615606222221
8615606223332
8615606226217
8615606226680
8615606229088
8615606229776
8615606230139
8615606230960
8615606231001
8615606234319
8615606237537
8615606237669
8615606237737
8615606237787
8615606237790
8615606237830
8615606238359
8615606240371
8615606240791
8615606242013
8615606243368
8615606245039
8615606246030
8615606246932
8615606249279
8615606250649
8615606257017
8615606257192
8615606260059
8615606260181
8615606260595
8615606260607
8615606260889
8615606261071
8615606262218
8615606263277
8615606266501
8615606267633
8615606269182
8615606269199
8615606269566
8615606270092
8615606271105
8615606271966
8615606272956
8615606275092
8615606275537
8615606277395
8615606277625
8615606278090
8615606278292
8615606278821
8615606281088
8615606282990
8615606287392
8615606289975
8615606291013
8615606291526
8615606293166
8615606293617
8615606293627
8615606293653
8615606293752
8615606294587
8615606295299
8615606297550
8615606297911
8615606298208
8615606298216
8615606298353
8615606298671
8615651042181
8615651056185
8615651060458
8615651062182
8615651064568
8615651065528
8615651090001
8615651101581
8615651102138
8615651104890
8615651106838
8615651109810
8615651110437
8615651111001
8615651111277
8615651111336
8615651111976
8615651112219
8615651113810
8615651115132
8615651115183
8615651115385
8615651115405
8615651117130
8615651117165
8615651117291
8615651117341
8615651120418
8615651121816
8615651125002
8615651125231
8615651125933
8615651126015
8615651127800
8615651129789
8615651132556
8615651133998
8615651135250
8615651136306
8615651136316
8615651141061
8615651141148
8615651141932
8615651141960
8615651141977
8615651152608
8615651155311
8615651156583
8615651159800
8615651160826
8615651165968
8615651172680
8615651199121
8615651199175
8615651201950
8615651206106
8615651206558
8615651210671
8615651213112
8615651213197
8615651213267
8615651213579
8615651216096
8615651223682
8615651230303
8615651233108
8615651233231
8615651233285
8615651236170
8615651239975
8615651240081
8615651240878
8615651241108
8615651243138
8615651243747
8615651245904
8615651251396
8615651255657
8615651260688
8615651268150
8615651268336
8615651268800
8615651269852
8615651271770
8615651276479
8615651278766
8615651282300
8615651282927
8615651283359
8615651285128
8615651287600
8615651289888
8615651289966
8615651290695
8615651292232
8615651293282
8615651293799
8615651295369
8615651295531
8615651295781
8615651302553
8615651302887
8615651303503
8615651303686
8615651307990
8615651308335
8615651313313
8615651315070
8615651320806
8615651321007
8615651321229
8615651325833
8615651325870
8615651326673
8615651326883
8615651327217
8615651327971
8615651329666
8615651331792
8615651333669
8615651340623
8615651341852
8615651343515
8615651346061
8615651346193
8615651347017
8615651348223
8615651348959
8615651348980
8615651349995
8615651354387
8615651355215
8615651355239
8615651355261
8615651355299
8615651355553
8615651356193
8615651356621
8615651359710
8615651361363
8615651363189
8615651364645
8615651366128
8615651366225
8615651369175
8615651376696
8615651382669
8615651388866
8615651390513
8615651390671
8615651392300
8615651393812
8615651395450
8615651395915
8615651398027
8615651399806
8615651400800
8615651422218
8615651431193
8615651450325
8615651457486
8615651458673
8615651460815
8615651461051
8615651530983
8615651533189
8615651536360
8615651539482
8615651596430
8615665106308
8615665110888
8615665111119
8615665126651
8615665128781
8615665128856
8615665130255
8615665131328
8615665132398
8615665135682
8615665136678
8615665137008
8615665137628
8615665137922
8615665139917
8615665172207
8615665185548
8615665186668
8615665186669
8615665188987
8615665190022
8615665190033
8615665190066
8615665190077
8615665191122
8615665191133
8615665191155
8615665191177
8615665192211
8615665192868
8615665192898
8615665192968
8615665192998
8615665193028
8615665193068
8615665193078
8615665193118
8615665193138
8615665193158
8615665193178
8615665193198
8615665193208
8615665193218
8615665193258
8615665193278
8615665193308
8615665193318
8615665193328
8615665193338
8615665193358
8615665193368
8615665193378
8615665193398
8615665193508
8615665193538
8615665193558
8615695111112
8615695117365
8615695117396
8615695118816
8615695118820
8615695118910
8615695125919
8615695129062
8615695130352
8615695131615
8615695131935
8615695131981
8615695132169
8615695138569
8615695139836
8615695160716
8615695161456
8615695161538
8615695161700
8615695162111
8615695162162
8615695163158
8615695163608
8615695163668
8615695166006
8615695167280
8615695167865
8615695171699
8615695180038
8615695181389
8615695181612
8615695250063
8615695250547
8615695250590
8615695250865
8615695250948
8615695251112
8615695251182
8615695251215
8615695251286
8615695251519
8615695251652
8615695252294
8615695252605
8615695252606
8615695252657
8615695252970
8615695252980
8615695253338
8615695253378
8615695253385
8615695253445
8615695253522
8615695253580
8615695253662
8615695253755
8615695253771
8615695255076
8615695255108
8615695255149
8615695255178
8615695255246
8615695255282
8615695255313
8615695255318
8615695255413
8615695255452
8615695255610
8615695255616
8615695255683
8615695255718
8615695256153
8615695256178
8615695256220
8615695256371
8615695256536
8615695256597
8615695256685
8615695256896
8615695256971
8615695257218
8615695257395
8615695257617
8615695257628
8615695257793
8615695257919
8615695258112
8615695258120
8615695258157
8615695258251
8615695258368
8615695259312
8615695260709
8615695262293
8615695262783
8615695263937
8615695265616
8615695276322
8615695281219
8615695281283
8615695282199
8615695285341
